15 105 1
15 191 1
15 192 1
16 191 1
16 192 1
16 188 1
17 102 1
17 105 1
17 191 1
20 110 1
20 196 1
20 197 1
21 196 1
21 197 1
21 193 1
22 107 1
22 110 1
22 196 1
22 188 1
22 104 1
24 104 1
24 188 1
24 187 1
25 115 1
25 201 1
25 202 1
26 201 1
26 202 1
26 198 1
27 112 1
27 115 1
27 201 1
27 193 1
27 109 1
29 109 1
29 193 1
29 192 1
30 120 1
30 206 1
30 207 1
31 206 1
31 207 1
31 203 1
32 117 1
32 120 1
32 206 1
32 198 1
32 114 1
34 114 1
34 198 1
34 197 1
35 125 1
35 211 1
35 212 1
36 211 1
36 212 1
36 208 1
37 122 1
37 125 1
37 211 1
37 203 1
37 119 1
39 119 1
39 203 1
39 202 1
40 130 1
40 216 1
40 217 1
41 216 1
41 217 1
41 213 1
42 127 1
42 130 1
42 216 1
42 208 1
42 124 1
44 124 1
44 208 1
44 207 1
45 135 1
45 221 1
45 222 1
46 221 1
46 222 1
46 218 1
47 132 1
47 135 1
47 221 1
47 213 1
47 129 1
49 129 1
49 213 1
49 212 1
50 140 1
50 226 1
50 227 1
51 226 1
51 227 1
51 223 1
52 137 1
52 140 1
52 226 1
52 218 1
52 134 1
54 134 1
54 218 1
54 217 1
55 145 1
55 231 1
55 232 1
56 231 1
56 232 1
56 228 1
57 142 1
57 145 1
57 231 1
57 223 1
57 139 1
59 139 1
59 223 1
59 222 1
60 150 1
60 236 1
60 237 1
61 236 1
61 237 1
61 233 1
62 147 1
62 150 1
62 236 1
62 228 1
62 144 1
64 144 1
64 228 1
64 227 1
66 238 1
67 152 1
67 233 1
67 149 1
69 149 1
69 233 1
69 232 1
100 190 1
100 276 1
100 277 1
101 276 1
101 277 1
101 273 1
102 187 1
102 190 1
102 276 1
105 195 1
105 281 1
105 282 1
106 281 1
106 282 1
106 278 1
107 192 1
107 195 1
107 281 1
107 273 1
107 189 1
109 189 1
109 273 1
109 272 1
110 200 1
110 286 1
110 287 1
111 286 1
111 287 1
111 283 1
112 197 1
112 200 1
112 286 1
112 278 1
112 194 1
114 194 1
114 278 1
114 277 1
115 205 1
115 291 1
115 292 1
116 291 1
116 292 1
116 288 1
117 202 1
117 205 1
117 291 1
117 283 1
117 199 1
119 199 1
119 283 1
119 282 1
120 210 1
120 296 1
120 297 1
121 296 1
121 297 1
121 293 1
122 207 1
122 210 1
122 296 1
122 288 1
122 204 1
124 204 1
124 288 1
124 287 1
125 215 1
125 301 1
125 302 1
126 301 1
126 302 1
126 298 1
127 212 1
127 215 1
127 301 1
127 293 1
127 209 1
129 209 1
129 293 1
129 292 1
130 220 1
130 306 1
130 307 1
131 306 1
131 307 1
131 303 1
132 217 1
132 220 1
132 306 1
132 298 1
132 214 1
134 214 1
134 298 1
134 297 1
135 225 1
135 311 1
135 312 1
136 311 1
136 312 1
136 308 1
137 222 1
137 225 1
137 311 1
137 303 1
137 219 1
139 219 1
139 303 1
139 302 1
140 230 1
140 316 1
140 317 1
141 316 1
141 317 1
141 313 1
142 227 1
142 230 1
142 316 1
142 308 1
142 224 1
144 224 1
144 308 1
144 307 1
145 235 1
145 321 1
145 322 1
146 321 1
146 322 1
146 318 1
147 232 1
147 235 1
147 321 1
147 313 1
147 229 1
149 229 1
149 313 1
149 312 1
151 323 1
152 237 1
152 318 1
152 234 1
154 234 1
154 318 1
154 317 1
185 275 1
185 361 1
185 362 1
186 361 1
186 362 1
186 358 1
187 272 1
187 275 1
187 361 1
190 280 1
190 366 1
190 367 1
191 366 1
191 367 1
191 363 1
192 277 1
192 280 1
192 366 1
192 358 1
192 274 1
194 274 1
194 358 1
194 357 1
195 285 1
195 371 1
195 372 1
196 371 1
196 372 1
196 368 1
197 282 1
197 285 1
197 371 1
197 363 1
197 279 1
199 279 1
199 363 1
199 362 1
200 290 1
200 376 1
200 377 1
201 376 1
201 377 1
201 373 1
202 287 1
202 290 1
202 376 1
202 368 1
202 284 1
204 284 1
204 368 1
204 367 1
205 295 1
205 381 1
205 382 1
206 381 1
206 382 1
206 378 1
207 292 1
207 295 1
207 381 1
207 373 1
207 289 1
209 289 1
209 373 1
209 372 1
210 300 1
210 386 1
210 387 1
211 386 1
211 387 1
211 383 1
212 297 1
212 300 1
212 386 1
212 378 1
212 294 1
214 294 1
214 378 1
214 377 1
215 305 1
215 391 1
215 392 1
216 391 1
216 392 1
216 388 1
217 302 1
217 305 1
217 391 1
217 383 1
217 299 1
219 299 1
219 383 1
219 382 1
220 310 1
220 396 1
220 397 1
221 396 1
221 397 1
221 393 1
222 307 1
222 310 1
222 396 1
222 388 1
222 304 1
224 304 1
224 388 1
224 387 1
225 315 1
225 401 1
225 402 1
226 401 1
226 402 1
226 398 1
227 312 1
227 315 1
227 401 1
227 393 1
227 309 1
229 309 1
229 393 1
229 392 1
230 320 1
230 406 1
230 407 1
231 406 1
231 407 1
231 403 1
232 317 1
232 320 1
232 406 1
232 398 1
232 314 1
234 314 1
234 398 1
234 397 1
236 408 1
237 322 1
237 403 1
237 319 1
239 319 1
239 403 1
239 402 1
270 360 1
270 446 1
270 447 1
271 446 1
271 447 1
271 443 1
272 357 1
272 360 1
272 446 1
275 365 1
275 451 1
275 452 1
276 451 1
276 452 1
276 448 1
277 362 1
277 365 1
277 451 1
277 443 1
277 359 1
279 359 1
279 443 1
279 442 1
280 370 1
280 456 1
280 457 1
281 456 1
281 457 1
281 453 1
282 367 1
282 370 1
282 456 1
282 448 1
282 364 1
284 364 1
284 448 1
284 447 1
285 375 1
285 461 1
285 462 1
286 461 1
286 462 1
286 458 1
287 372 1
287 375 1
287 461 1
287 453 1
287 369 1
289 369 1
289 453 1
289 452 1
290 380 1
290 466 1
290 467 1
291 466 1
291 467 1
291 463 1
292 377 1
292 380 1
292 466 1
292 458 1
292 374 1
294 374 1
294 458 1
294 457 1
295 385 1
295 471 1
295 472 1
296 471 1
296 472 1
296 468 1
297 382 1
297 385 1
297 471 1
297 463 1
297 379 1
299 379 1
299 463 1
299 462 1
300 390 1
300 476 1
300 477 1
301 476 1
301 477 1
301 473 1
302 387 1
302 390 1
302 476 1
302 468 1
302 384 1
304 384 1
304 468 1
304 467 1
305 395 1
305 481 1
305 482 1
306 481 1
306 482 1
306 478 1
307 392 1
307 395 1
307 481 1
307 473 1
307 389 1
309 389 1
309 473 1
309 472 1
310 400 1
310 486 1
310 487 1
311 486 1
311 487 1
311 483 1
312 397 1
312 400 1
312 486 1
312 478 1
312 394 1
314 394 1
314 478 1
314 477 1
315 405 1
315 491 1
315 492 1
316 491 1
316 492 1
316 488 1
317 402 1
317 405 1
317 491 1
317 483 1
317 399 1
319 399 1
319 483 1
319 482 1
321 493 1
322 407 1
322 488 1
322 404 1
324 404 1
324 488 1
324 487 1
355 445 1
355 531 1
355 532 1
356 531 1
356 532 1
356 528 1
357 442 1
357 445 1
357 531 1
360 450 1
361 533 1
362 447 1
362 450 1
362 528 1
362 444 1
364 444 1
364 528 1
364 527 1
365 455 1
365 541 1
365 542 1
366 541 1
366 542 1
367 452 1
367 455 1
367 541 1
367 533 1
367 449 1
369 449 1
369 533 1
369 532 1
370 460 1
370 546 1
370 547 1
371 546 1
371 547 1
371 543 1
372 457 1
372 460 1
372 546 1
372 454 1
374 454 1
375 465 1
375 551 1
375 552 1
376 551 1
376 552 1
376 548 1
377 462 1
377 465 1
377 551 1
377 543 1
377 459 1
379 459 1
379 543 1
379 542 1
380 470 1
380 556 1
380 557 1
381 556 1
381 557 1
381 553 1
382 467 1
382 470 1
382 556 1
382 548 1
382 464 1
384 464 1
384 548 1
384 547 1
385 475 1
385 561 1
385 562 1
386 561 1
386 562 1
386 558 1
387 472 1
387 475 1
387 561 1
387 553 1
387 469 1
389 469 1
389 553 1
389 552 1
390 480 1
390 566 1
390 567 1
391 566 1
391 567 1
391 563 1
392 477 1
392 480 1
392 566 1
392 558 1
392 474 1
394 474 1
394 558 1
394 557 1
395 485 1
395 571 1
395 572 1
396 571 1
396 572 1
396 568 1
397 482 1
397 485 1
397 571 1
397 563 1
397 479 1
399 479 1
399 563 1
399 562 1
400 490 1
400 576 1
400 577 1
401 576 1
401 577 1
401 573 1
402 487 1
402 490 1
402 576 1
402 568 1
402 484 1
404 484 1
404 568 1
404 567 1
406 578 1
407 492 1
407 573 1
407 489 1
409 489 1
409 573 1
409 572 1
440 530 1
442 527 1
442 530 1
447 532 1
447 529 1
449 529 1
450 540 1
452 540 1
452 534 1
454 534 1
455 545 1
455 631 1
455 632 1
456 631 1
456 632 1
456 628 1
457 542 1
457 545 1
457 631 1
460 550 1
460 636 1
460 637 1
461 636 1
461 637 1
461 633 1
462 547 1
462 550 1
462 636 1
462 628 1
462 544 1
464 544 1
464 628 1
465 555 1
465 641 1
465 642 1
466 641 1
466 642 1
466 638 1
467 552 1
467 555 1
467 641 1
467 633 1
467 549 1
469 549 1
469 633 1
469 632 1
470 560 1
470 646 1
470 647 1
471 646 1
471 647 1
471 643 1
472 557 1
472 560 1
472 646 1
472 638 1
472 554 1
474 554 1
474 638 1
474 637 1
475 565 1
475 651 1
475 652 1
476 651 1
476 652 1
476 648 1
477 562 1
477 565 1
477 651 1
477 643 1
477 559 1
479 559 1
479 643 1
479 642 1
480 570 1
480 656 1
480 657 1
481 656 1
481 657 1
481 653 1
482 567 1
482 570 1
482 656 1
482 648 1
482 564 1
484 564 1
484 648 1
484 647 1
485 575 1
485 661 1
485 662 1
486 661 1
486 662 1
486 658 1
487 572 1
487 575 1
487 661 1
487 653 1
487 569 1
489 569 1
489 653 1
489 652 1
491 663 1
492 577 1
492 658 1
492 574 1
494 574 1
494 658 1
494 657 1
540 630 1
540 716 1
540 717 1
541 716 1
541 717 1
541 713 1
542 630 1
542 716 1
545 635 1
545 721 1
545 722 1
546 721 1
546 722 1
546 718 1
547 632 1
547 635 1
547 721 1
547 713 1
547 629 1
549 629 1
549 713 1
549 712 1
550 640 1
550 726 1
550 727 1
551 726 1
551 727 1
551 723 1
552 637 1
552 640 1
552 726 1
552 718 1
552 634 1
554 634 1
554 718 1
554 717 1
555 645 1
555 731 1
555 732 1
556 731 1
556 732 1
556 728 1
557 642 1
557 645 1
557 731 1
557 723 1
557 639 1
559 639 1
559 723 1
559 722 1
560 650 1
560 736 1
560 737 1
561 736 1
561 737 1
561 733 1
562 647 1
562 650 1
562 736 1
562 728 1
562 644 1
564 644 1
564 728 1
564 727 1
565 655 1
565 741 1
565 742 1
566 741 1
566 742 1
566 738 1
567 652 1
567 655 1
567 741 1
567 733 1
567 649 1
569 649 1
569 733 1
569 732 1
570 660 1
570 746 1
570 747 1
571 746 1
571 747 1
571 743 1
572 657 1
572 660 1
572 746 1
572 738 1
572 654 1
574 654 1
574 738 1
574 737 1
576 748 1
577 662 1
577 743 1
577 659 1
579 659 1
579 743 1
579 742 1
625 715 1
625 801 1
625 802 1
626 801 1
626 802 1
626 798 1
630 720 1
630 806 1
630 807 1
631 806 1
631 807 1
631 803 1
632 717 1
632 720 1
632 806 1
632 798 1
632 714 1
634 714 1
634 798 1
634 797 1
635 725 1
635 811 1
635 812 1
636 811 1
636 812 1
636 808 1
637 722 1
637 725 1
637 811 1
637 803 1
637 719 1
639 719 1
639 803 1
639 802 1
640 730 1
640 816 1
640 817 1
641 816 1
641 817 1
641 813 1
642 727 1
642 730 1
642 816 1
642 808 1
642 724 1
644 724 1
644 808 1
644 807 1
645 735 1
645 821 1
645 822 1
646 821 1
646 822 1
646 818 1
647 732 1
647 735 1
647 821 1
647 813 1
647 729 1
649 729 1
649 813 1
649 812 1
650 740 1
650 826 1
650 827 1
651 826 1
651 827 1
651 823 1
652 737 1
652 740 1
652 826 1
652 818 1
652 734 1
654 734 1
654 818 1
654 817 1
655 745 1
655 831 1
655 832 1
656 831 1
656 832 1
656 828 1
657 742 1
657 745 1
657 831 1
657 823 1
657 739 1
659 739 1
659 823 1
659 822 1
661 833 1
662 747 1
662 828 1
662 744 1
664 744 1
664 828 1
664 827 1
710 800 1
710 886 1
710 887 1
711 886 1
711 887 1
711 883 1
712 800 1
712 886 1
715 805 1
715 891 1
715 892 1
716 891 1
716 892 1
716 888 1
717 802 1
717 805 1
717 891 1
717 883 1
717 799 1
719 799 1
719 883 1
719 882 1
720 810 1
720 896 1
720 897 1
721 896 1
721 897 1
721 893 1
722 807 1
722 810 1
722 896 1
722 888 1
722 804 1
724 804 1
724 888 1
724 887 1
725 815 1
725 901 1
725 902 1
726 901 1
726 902 1
726 898 1
727 812 1
727 815 1
727 901 1
727 893 1
727 809 1
729 809 1
729 893 1
729 892 1
730 820 1
730 906 1
730 907 1
731 906 1
731 907 1
731 903 1
732 817 1
732 820 1
732 906 1
732 898 1
732 814 1
734 814 1
734 898 1
734 897 1
735 825 1
735 911 1
735 912 1
736 911 1
736 912 1
736 908 1
737 822 1
737 825 1
737 911 1
737 903 1
737 819 1
739 819 1
739 903 1
739 902 1
740 830 1
740 916 1
740 917 1
741 916 1
741 917 1
741 913 1
742 827 1
742 830 1
742 916 1
742 908 1
742 824 1
744 824 1
744 908 1
744 907 1
746 918 1
747 832 1
747 913 1
747 829 1
749 829 1
749 913 1
749 912 1
790 880 1
790 966 1
790 967 1
791 966 1
791 967 1
791 963 1
792 877 1
792 880 1
792 966 1
792 958 1
792 874 1
794 874 1
794 958 1
794 957 1
795 885 1
795 971 1
795 972 1
796 971 1
796 972 1
796 968 1
797 882 1
797 885 1
797 971 1
797 963 1
797 879 1
799 879 1
799 963 1
799 962 1
800 890 1
800 976 1
800 977 1
801 976 1
801 977 1
801 973 1
802 887 1
802 890 1
802 976 1
802 968 1
802 884 1
804 884 1
804 968 1
804 967 1
805 895 1
805 981 1
805 982 1
806 981 1
806 982 1
806 978 1
807 892 1
807 895 1
807 981 1
807 973 1
807 889 1
809 889 1
809 973 1
809 972 1
810 900 1
810 986 1
810 987 1
811 986 1
811 987 1
811 983 1
812 897 1
812 900 1
812 986 1
812 978 1
812 894 1
814 894 1
814 978 1
814 977 1
815 905 1
815 991 1
815 992 1
816 991 1
816 992 1
816 988 1
817 902 1
817 905 1
817 991 1
817 983 1
817 899 1
819 899 1
819 983 1
819 982 1
820 910 1
820 996 1
820 997 1
821 996 1
821 997 1
821 993 1
822 907 1
822 910 1
822 996 1
822 988 1
822 904 1
824 904 1
824 988 1
824 987 1
825 915 1
825 1001 1
825 1002 1
826 1001 1
826 1002 1
826 998 1
827 912 1
827 915 1
827 1001 1
827 993 1
827 909 1
829 909 1
829 993 1
829 992 1
831 1003 1
832 917 1
832 998 1
832 914 1
834 914 1
834 998 1
834 997 1
865 955 1
865 1041 1
865 1042 1
866 1041 1
866 1042 1
866 1038 1
867 952 1
867 955 1
867 1041 1
870 960 1
870 1046 1
870 1047 1
871 1046 1
871 1047 1
871 1043 1
872 957 1
872 960 1
872 1046 1
872 1038 1
872 954 1
874 954 1
874 1038 1
874 1037 1
875 965 1
875 1051 1
875 1052 1
876 1051 1
876 1052 1
876 1048 1
877 962 1
877 965 1
877 1051 1
877 1043 1
877 959 1
879 959 1
879 1043 1
879 1042 1
880 970 1
880 1056 1
880 1057 1
881 1056 1
881 1057 1
881 1053 1
882 967 1
882 970 1
882 1056 1
882 1048 1
882 964 1
884 964 1
884 1048 1
884 1047 1
885 975 1
885 1061 1
885 1062 1
886 1061 1
886 1062 1
886 1058 1
887 972 1
887 975 1
887 1061 1
887 1053 1
887 969 1
889 969 1
889 1053 1
889 1052 1
890 980 1
890 1066 1
890 1067 1
891 1066 1
891 1067 1
891 1063 1
892 977 1
892 980 1
892 1066 1
892 1058 1
892 974 1
894 974 1
894 1058 1
894 1057 1
895 985 1
895 1071 1
895 1072 1
896 1071 1
896 1072 1
896 1068 1
897 982 1
897 985 1
897 1071 1
897 1063 1
897 979 1
899 979 1
899 1063 1
899 1062 1
900 990 1
900 1076 1
900 1077 1
901 1076 1
901 1077 1
901 1073 1
902 987 1
902 990 1
902 1076 1
902 1068 1
902 984 1
904 984 1
904 1068 1
904 1067 1
905 995 1
905 1081 1
905 1082 1
906 1081 1
906 1082 1
906 1078 1
907 992 1
907 995 1
907 1081 1
907 1073 1
907 989 1
909 989 1
909 1073 1
909 1072 1
910 1000 1
910 1086 1
910 1087 1
911 1086 1
911 1087 1
911 1083 1
912 997 1
912 1000 1
912 1086 1
912 1078 1
912 994 1
914 994 1
914 1078 1
914 1077 1
916 1088 1
917 1002 1
917 1083 1
917 999 1
919 999 1
919 1083 1
919 1082 1
950 1040 1
950 1126 1
950 1127 1
951 1126 1
951 1127 1
951 1123 1
952 1037 1
952 1040 1
952 1126 1
955 1045 1
955 1131 1
955 1132 1
956 1131 1
956 1132 1
956 1128 1
957 1042 1
957 1045 1
957 1131 1
957 1123 1
957 1039 1
959 1039 1
959 1123 1
959 1122 1
960 1050 1
960 1136 1
960 1137 1
961 1136 1
961 1137 1
961 1133 1
962 1047 1
962 1050 1
962 1136 1
962 1128 1
962 1044 1
964 1044 1
964 1128 1
964 1127 1
965 1055 1
965 1141 1
965 1142 1
966 1141 1
966 1142 1
966 1138 1
967 1052 1
967 1055 1
967 1141 1
967 1133 1
967 1049 1
969 1049 1
969 1133 1
969 1132 1
970 1060 1
970 1146 1
970 1147 1
971 1146 1
971 1147 1
971 1143 1
972 1057 1
972 1060 1
972 1146 1
972 1138 1
972 1054 1
974 1054 1
974 1138 1
974 1137 1
975 1065 1
975 1151 1
975 1152 1
976 1151 1
976 1152 1
976 1148 1
977 1062 1
977 1065 1
977 1151 1
977 1143 1
977 1059 1
979 1059 1
979 1143 1
979 1142 1
980 1070 1
980 1156 1
980 1157 1
981 1156 1
981 1157 1
981 1153 1
982 1067 1
982 1070 1
982 1156 1
982 1148 1
982 1064 1
984 1064 1
984 1148 1
984 1147 1
985 1075 1
985 1161 1
985 1162 1
986 1161 1
986 1162 1
986 1158 1
987 1072 1
987 1075 1
987 1161 1
987 1153 1
987 1069 1
989 1069 1
989 1153 1
989 1152 1
990 1080 1
990 1166 1
990 1167 1
991 1166 1
991 1167 1
991 1163 1
992 1077 1
992 1080 1
992 1166 1
992 1158 1
992 1074 1
994 1074 1
994 1158 1
994 1157 1
995 1085 1
995 1171 1
995 1172 1
996 1171 1
996 1172 1
996 1168 1
997 1082 1
997 1085 1
997 1171 1
997 1163 1
997 1079 1
999 1079 1
999 1163 1
999 1162 1
1001 1173 1
1002 1087 1
1002 1168 1
1002 1084 1
1004 1084 1
1004 1168 1
1004 1167 1
1035 1125 1
1035 1211 1
1035 1212 1
1036 1211 1
1036 1212 1
1036 1208 1
1037 1122 1
1037 1125 1
1037 1211 1
1040 1130 1
1040 1216 1
1040 1217 1
1041 1216 1
1041 1217 1
1041 1213 1
1042 1127 1
1042 1130 1
1042 1216 1
1042 1208 1
1042 1124 1
1044 1124 1
1044 1208 1
1044 1207 1
1045 1135 1
1045 1221 1
1045 1222 1
1046 1221 1
1046 1222 1
1046 1218 1
1047 1132 1
1047 1135 1
1047 1221 1
1047 1213 1
1047 1129 1
1049 1129 1
1049 1213 1
1049 1212 1
1050 1140 1
1050 1226 1
1050 1227 1
1051 1226 1
1051 1227 1
1051 1223 1
1052 1137 1
1052 1140 1
1052 1226 1
1052 1218 1
1052 1134 1
1054 1134 1
1054 1218 1
1054 1217 1
1055 1145 1
1055 1231 1
1055 1232 1
1056 1231 1
1056 1232 1
1056 1228 1
1057 1142 1
1057 1145 1
1057 1231 1
1057 1223 1
1057 1139 1
1059 1139 1
1059 1223 1
1059 1222 1
1060 1150 1
1060 1236 1
1060 1237 1
1061 1236 1
1061 1237 1
1061 1233 1
1062 1147 1
1062 1150 1
1062 1236 1
1062 1228 1
1062 1144 1
1064 1144 1
1064 1228 1
1064 1227 1
1065 1155 1
1065 1241 1
1065 1242 1
1066 1241 1
1066 1242 1
1066 1238 1
1067 1152 1
1067 1155 1
1067 1241 1
1067 1233 1
1067 1149 1
1069 1149 1
1069 1233 1
1069 1232 1
1070 1160 1
1070 1246 1
1070 1247 1
1071 1246 1
1071 1247 1
1071 1243 1
1072 1157 1
1072 1160 1
1072 1246 1
1072 1238 1
1072 1154 1
1074 1154 1
1074 1238 1
1074 1237 1
1075 1165 1
1075 1251 1
1075 1252 1
1076 1251 1
1076 1252 1
1076 1248 1
1077 1162 1
1077 1165 1
1077 1251 1
1077 1243 1
1077 1159 1
1079 1159 1
1079 1243 1
1079 1242 1
1080 1170 1
1080 1256 1
1080 1257 1
1081 1256 1
1081 1257 1
1081 1253 1
1082 1167 1
1082 1170 1
1082 1256 1
1082 1248 1
1082 1164 1
1084 1164 1
1084 1248 1
1084 1247 1
1086 1258 1
1087 1172 1
1087 1253 1
1087 1169 1
1089 1169 1
1089 1253 1
1089 1252 1
1120 1210 1
1120 1297 1
1121 1297 1
1121 1293 1
1122 1207 1
1122 1210 1
1125 1215 1
1127 1212 1
1127 1215 1
1127 1293 1
1127 1209 1
1129 1209 1
1129 1293 1
1129 1292 1
1130 1220 1
1130 1306 1
1130 1307 1
1131 1306 1
1131 1307 1
1132 1217 1
1132 1220 1
1132 1306 1
1132 1214 1
1134 1214 1
1134 1297 1
1135 1225 1
1135 1311 1
1135 1312 1
1136 1311 1
1136 1312 1
1136 1308 1
1137 1222 1
1137 1225 1
1137 1311 1
1137 1219 1
1139 1219 1
1140 1230 1
1140 1316 1
1140 1317 1
1141 1316 1
1141 1317 1
1141 1313 1
1142 1227 1
1142 1230 1
1142 1316 1
1142 1308 1
1142 1224 1
1144 1224 1
1144 1308 1
1144 1307 1
1145 1235 1
1145 1321 1
1145 1322 1
1146 1321 1
1146 1322 1
1146 1318 1
1147 1232 1
1147 1235 1
1147 1321 1
1147 1313 1
1147 1229 1
1149 1229 1
1149 1313 1
1149 1312 1
1150 1240 1
1150 1326 1
1150 1327 1
1151 1326 1
1151 1327 1
1151 1323 1
1152 1237 1
1152 1240 1
1152 1326 1
1152 1318 1
1152 1234 1
1154 1234 1
1154 1318 1
1154 1317 1
1155 1245 1
1155 1331 1
1155 1332 1
1156 1331 1
1156 1332 1
1156 1328 1
1157 1242 1
1157 1245 1
1157 1331 1
1157 1323 1
1157 1239 1
1159 1239 1
1159 1323 1
1159 1322 1
1160 1250 1
1160 1336 1
1160 1337 1
1161 1336 1
1161 1337 1
1161 1333 1
1162 1247 1
1162 1250 1
1162 1336 1
1162 1328 1
1162 1244 1
1164 1244 1
1164 1328 1
1164 1327 1
1165 1255 1
1165 1341 1
1165 1342 1
1166 1341 1
1166 1342 1
1166 1338 1
1167 1252 1
1167 1255 1
1167 1341 1
1167 1333 1
1167 1249 1
1169 1249 1
1169 1333 1
1169 1332 1
1171 1343 1
1172 1257 1
1172 1338 1
1172 1254 1
1174 1254 1
1174 1338 1
1174 1337 1
1205 1295 1
1207 1292 1
1207 1295 1
1212 1297 1
1212 1294 1
1214 1294 1
1215 1305 1
1217 1305 1
1217 1299 1
1219 1299 1
1220 1310 1
1220 1396 1
1220 1397 1
1221 1396 1
1221 1397 1
1221 1393 1
1222 1307 1
1222 1310 1
1222 1396 1
1225 1315 1
1225 1401 1
1225 1402 1
1226 1401 1
1226 1402 1
1226 1398 1
1227 1312 1
1227 1315 1
1227 1401 1
1227 1393 1
1227 1309 1
1229 1309 1
1229 1393 1
1229 1392 1
1230 1320 1
1230 1406 1
1230 1407 1
1231 1406 1
1231 1407 1
1231 1403 1
1232 1317 1
1232 1320 1
1232 1406 1
1232 1398 1
1232 1314 1
1234 1314 1
1234 1398 1
1234 1397 1
1235 1325 1
1235 1411 1
1235 1412 1
1236 1411 1
1236 1412 1
1236 1408 1
1237 1322 1
1237 1325 1
1237 1411 1
1237 1403 1
1237 1319 1
1239 1319 1
1239 1403 1
1239 1402 1
1240 1330 1
1240 1416 1
1240 1417 1
1241 1416 1
1241 1417 1
1241 1413 1
1242 1327 1
1242 1330 1
1242 1416 1
1242 1408 1
1242 1324 1
1244 1324 1
1244 1408 1
1244 1407 1
1245 1335 1
1245 1421 1
1245 1422 1
1246 1421 1
1246 1422 1
1246 1418 1
1247 1332 1
1247 1335 1
1247 1421 1
1247 1413 1
1247 1329 1
1249 1329 1
1249 1413 1
1249 1412 1
1250 1340 1
1250 1426 1
1250 1427 1
1251 1426 1
1251 1427 1
1251 1423 1
1252 1337 1
1252 1340 1
1252 1426 1
1252 1418 1
1252 1334 1
1254 1334 1
1254 1418 1
1254 1417 1
1256 1428 1
1257 1342 1
1257 1423 1
1257 1339 1
1259 1339 1
1259 1423 1
1259 1422 1
1305 1395 1
1305 1481 1
1305 1482 1
1306 1481 1
1306 1482 1
1306 1478 1
1307 1392 1
1307 1395 1
1307 1481 1
1310 1400 1
1310 1486 1
1310 1487 1
1311 1486 1
1311 1487 1
1311 1483 1
1312 1397 1
1312 1400 1
1312 1486 1
1312 1478 1
1312 1394 1
1314 1394 1
1314 1478 1
1314 1477 1
1315 1405 1
1315 1491 1
1315 1492 1
1316 1491 1
1316 1492 1
1316 1488 1
1317 1402 1
1317 1405 1
1317 1491 1
1317 1483 1
1317 1399 1
1319 1399 1
1319 1483 1
1319 1482 1
1320 1410 1
1320 1496 1
1320 1497 1
1321 1496 1
1321 1497 1
1321 1493 1
1322 1407 1
1322 1410 1
1322 1496 1
1322 1488 1
1322 1404 1
1324 1404 1
1324 1488 1
1324 1487 1
1325 1415 1
1325 1501 1
1325 1502 1
1326 1501 1
1326 1502 1
1326 1498 1
1327 1412 1
1327 1415 1
1327 1501 1
1327 1493 1
1327 1409 1
1329 1409 1
1329 1493 1
1329 1492 1
1330 1420 1
1330 1506 1
1330 1507 1
1331 1506 1
1331 1507 1
1331 1503 1
1332 1417 1
1332 1420 1
1332 1506 1
1332 1498 1
1332 1414 1
1334 1414 1
1334 1498 1
1334 1497 1
1335 1425 1
1335 1511 1
1335 1512 1
1336 1511 1
1336 1512 1
1336 1508 1
1337 1422 1
1337 1425 1
1337 1511 1
1337 1503 1
1337 1419 1
1339 1419 1
1339 1503 1
1339 1502 1
1341 1513 1
1342 1427 1
1342 1508 1
1342 1424 1
1344 1424 1
1344 1508 1
1344 1507 1
1390 1480 1
1390 1566 1
1390 1567 1
1391 1566 1
1391 1567 1
1391 1563 1
1392 1477 1
1392 1480 1
1392 1566 1
1395 1485 1
1395 1571 1
1395 1572 1
1396 1571 1
1396 1572 1
1396 1568 1
1397 1482 1
1397 1485 1
1397 1571 1
1397 1563 1
1397 1479 1
1399 1479 1
1399 1563 1
1399 1562 1
1400 1490 1
1400 1576 1
1400 1577 1
1401 1576 1
1401 1577 1
1401 1573 1
1402 1487 1
1402 1490 1
1402 1576 1
1402 1568 1
1402 1484 1
1404 1484 1
1404 1568 1
1404 1567 1
1405 1495 1
1405 1581 1
1405 1582 1
1406 1581 1
1406 1582 1
1406 1578 1
1407 1492 1
1407 1495 1
1407 1581 1
1407 1573 1
1407 1489 1
1409 1489 1
1409 1573 1
1409 1572 1
1410 1500 1
1410 1586 1
1410 1587 1
1411 1586 1
1411 1587 1
1411 1583 1
1412 1497 1
1412 1500 1
1412 1586 1
1412 1578 1
1412 1494 1
1414 1494 1
1414 1578 1
1414 1577 1
1415 1505 1
1415 1591 1
1415 1592 1
1416 1591 1
1416 1592 1
1416 1588 1
1417 1502 1
1417 1505 1
1417 1591 1
1417 1583 1
1417 1499 1
1419 1499 1
1419 1583 1
1419 1582 1
1420 1510 1
1420 1596 1
1420 1597 1
1421 1596 1
1421 1597 1
1421 1593 1
1422 1507 1
1422 1510 1
1422 1596 1
1422 1588 1
1422 1504 1
1424 1504 1
1424 1588 1
1424 1587 1
1426 1598 1
1427 1512 1
1427 1593 1
1427 1509 1
1429 1509 1
1429 1593 1
1429 1592 1
1475 1565 1
1475 1651 1
1475 1652 1
1476 1651 1
1476 1652 1
1476 1648 1
1477 1562 1
1477 1565 1
1477 1651 1
1480 1570 1
1480 1656 1
1480 1657 1
1481 1656 1
1481 1657 1
1481 1653 1
1482 1567 1
1482 1570 1
1482 1656 1
1482 1648 1
1482 1564 1
1484 1564 1
1484 1648 1
1484 1647 1
1485 1575 1
1485 1661 1
1485 1662 1
1486 1661 1
1486 1662 1
1486 1658 1
1487 1572 1
1487 1575 1
1487 1661 1
1487 1653 1
1487 1569 1
1489 1569 1
1489 1653 1
1489 1652 1
1490 1580 1
1490 1666 1
1490 1667 1
1491 1666 1
1491 1667 1
1491 1663 1
1492 1577 1
1492 1580 1
1492 1666 1
1492 1658 1
1492 1574 1
1494 1574 1
1494 1658 1
1494 1657 1
1495 1585 1
1495 1671 1
1495 1672 1
1496 1671 1
1496 1672 1
1496 1668 1
1497 1582 1
1497 1585 1
1497 1671 1
1497 1663 1
1497 1579 1
1499 1579 1
1499 1663 1
1499 1662 1
1500 1590 1
1500 1676 1
1500 1677 1
1501 1676 1
1501 1677 1
1501 1673 1
1502 1587 1
1502 1590 1
1502 1676 1
1502 1668 1
1502 1584 1
1504 1584 1
1504 1668 1
1504 1667 1
1505 1595 1
1505 1681 1
1505 1682 1
1506 1681 1
1506 1682 1
1506 1678 1
1507 1592 1
1507 1595 1
1507 1681 1
1507 1673 1
1507 1589 1
1509 1589 1
1509 1673 1
1509 1672 1
1511 1683 1
1512 1597 1
1512 1678 1
1512 1594 1
1514 1594 1
1514 1678 1
1514 1677 1
1550 1640 1
1550 1726 1
1550 1727 1
1551 1726 1
1551 1727 1
1551 1723 1
1554 1634 1
1554 1718 1
1554 1717 1
1555 1645 1
1555 1731 1
1555 1732 1
1556 1731 1
1556 1732 1
1556 1728 1
1557 1642 1
1557 1645 1
1557 1731 1
1557 1723 1
1557 1639 1
1559 1639 1
1559 1723 1
1559 1722 1
1560 1650 1
1560 1736 1
1560 1737 1
1561 1736 1
1561 1737 1
1561 1733 1
1562 1647 1
1562 1650 1
1562 1736 1
1562 1728 1
1562 1644 1
1564 1644 1
1564 1728 1
1564 1727 1
1565 1655 1
1565 1741 1
1565 1742 1
1566 1741 1
1566 1742 1
1566 1738 1
1567 1652 1
1567 1655 1
1567 1741 1
1567 1733 1
1567 1649 1
1569 1649 1
1569 1733 1
1569 1732 1
1570 1660 1
1570 1746 1
1570 1747 1
1571 1746 1
1571 1747 1
1571 1743 1
1572 1657 1
1572 1660 1
1572 1746 1
1572 1738 1
1572 1654 1
1574 1654 1
1574 1738 1
1574 1737 1
1575 1665 1
1575 1751 1
1575 1752 1
1576 1751 1
1576 1752 1
1576 1748 1
1577 1662 1
1577 1665 1
1577 1751 1
1577 1743 1
1577 1659 1
1579 1659 1
1579 1743 1
1579 1742 1
1580 1670 1
1580 1756 1
1580 1757 1
1581 1756 1
1581 1757 1
1581 1753 1
1582 1667 1
1582 1670 1
1582 1756 1
1582 1748 1
1582 1664 1
1584 1664 1
1584 1748 1
1584 1747 1
1585 1675 1
1585 1761 1
1585 1762 1
1586 1761 1
1586 1762 1
1586 1758 1
1587 1672 1
1587 1675 1
1587 1761 1
1587 1753 1
1587 1669 1
1589 1669 1
1589 1753 1
1589 1752 1
1590 1680 1
1590 1766 1
1590 1767 1
1591 1766 1
1591 1767 1
1591 1763 1
1592 1677 1
1592 1680 1
1592 1766 1
1592 1758 1
1592 1674 1
1594 1674 1
1594 1758 1
1594 1757 1
1596 1768 1
1597 1682 1
1597 1763 1
1597 1679 1
1599 1679 1
1599 1763 1
1599 1762 1
1630 1720 1
1630 1806 1
1630 1807 1
1631 1806 1
1631 1807 1
1631 1803 1
1632 1717 1
1632 1720 1
1632 1806 1
1635 1725 1
1635 1811 1
1635 1812 1
1636 1811 1
1636 1812 1
1636 1808 1
1637 1722 1
1637 1725 1
1637 1811 1
1637 1803 1
1637 1719 1
1639 1719 1
1639 1803 1
1639 1802 1
1640 1730 1
1640 1816 1
1640 1817 1
1641 1816 1
1641 1817 1
1641 1813 1
1642 1727 1
1642 1730 1
1642 1816 1
1642 1808 1
1642 1724 1
1644 1724 1
1644 1808 1
1644 1807 1
1645 1735 1
1645 1821 1
1645 1822 1
1646 1821 1
1646 1822 1
1646 1818 1
1647 1732 1
1647 1735 1
1647 1821 1
1647 1813 1
1647 1729 1
1649 1729 1
1649 1813 1
1649 1812 1
1650 1740 1
1650 1826 1
1650 1827 1
1651 1826 1
1651 1827 1
1651 1823 1
1652 1737 1
1652 1740 1
1652 1826 1
1652 1818 1
1652 1734 1
1654 1734 1
1654 1818 1
1654 1817 1
1655 1745 1
1655 1831 1
1655 1832 1
1656 1831 1
1656 1832 1
1656 1828 1
1657 1742 1
1657 1745 1
1657 1831 1
1657 1823 1
1657 1739 1
1659 1739 1
1659 1823 1
1659 1822 1
1660 1750 1
1660 1836 1
1660 1837 1
1661 1836 1
1661 1837 1
1661 1833 1
1662 1747 1
1662 1750 1
1662 1836 1
1662 1828 1
1662 1744 1
1664 1744 1
1664 1828 1
1664 1827 1
1665 1755 1
1665 1841 1
1665 1842 1
1666 1841 1
1666 1842 1
1666 1838 1
1667 1752 1
1667 1755 1
1667 1841 1
1667 1833 1
1667 1749 1
1669 1749 1
1669 1833 1
1669 1832 1
1670 1760 1
1670 1846 1
1670 1847 1
1671 1846 1
1671 1847 1
1671 1843 1
1672 1757 1
1672 1760 1
1672 1846 1
1672 1838 1
1672 1754 1
1674 1754 1
1674 1838 1
1674 1837 1
1675 1765 1
1675 1851 1
1675 1852 1
1676 1851 1
1676 1852 1
1676 1848 1
1677 1762 1
1677 1765 1
1677 1851 1
1677 1843 1
1677 1759 1
1679 1759 1
1679 1843 1
1679 1842 1
1681 1853 1
1682 1767 1
1682 1848 1
1682 1764 1
1684 1764 1
1684 1848 1
1684 1847 1
1715 1805 1
1715 1891 1
1715 1892 1
1716 1891 1
1716 1892 1
1716 1888 1
1717 1802 1
1717 1805 1
1717 1891 1
1720 1810 1
1720 1896 1
1720 1897 1
1721 1896 1
1721 1897 1
1721 1893 1
1722 1807 1
1722 1810 1
1722 1896 1
1722 1888 1
1722 1804 1
1724 1804 1
1724 1888 1
1724 1887 1
1725 1815 1
1725 1901 1
1725 1902 1
1726 1901 1
1726 1902 1
1726 1898 1
1727 1812 1
1727 1815 1
1727 1901 1
1727 1893 1
1727 1809 1
1729 1809 1
1729 1893 1
1729 1892 1
1730 1820 1
1730 1906 1
1730 1907 1
1731 1906 1
1731 1907 1
1731 1903 1
1732 1817 1
1732 1820 1
1732 1906 1
1732 1898 1
1732 1814 1
1734 1814 1
1734 1898 1
1734 1897 1
1735 1825 1
1735 1911 1
1735 1912 1
1736 1911 1
1736 1912 1
1736 1908 1
1737 1822 1
1737 1825 1
1737 1911 1
1737 1903 1
1737 1819 1
1739 1819 1
1739 1903 1
1739 1902 1
1740 1830 1
1740 1916 1
1740 1917 1
1741 1916 1
1741 1917 1
1741 1913 1
1742 1827 1
1742 1830 1
1742 1916 1
1742 1908 1
1742 1824 1
1744 1824 1
1744 1908 1
1744 1907 1
1745 1835 1
1745 1921 1
1745 1922 1
1746 1921 1
1746 1922 1
1746 1918 1
1747 1832 1
1747 1835 1
1747 1921 1
1747 1913 1
1747 1829 1
1749 1829 1
1749 1913 1
1749 1912 1
1750 1840 1
1750 1926 1
1750 1927 1
1751 1926 1
1751 1927 1
1751 1923 1
1752 1837 1
1752 1840 1
1752 1926 1
1752 1918 1
1752 1834 1
1754 1834 1
1754 1918 1
1754 1917 1
1755 1845 1
1755 1931 1
1755 1932 1
1756 1931 1
1756 1932 1
1756 1928 1
1757 1842 1
1757 1845 1
1757 1931 1
1757 1923 1
1757 1839 1
1759 1839 1
1759 1923 1
1759 1922 1
1760 1850 1
1760 1936 1
1760 1937 1
1761 1936 1
1761 1937 1
1761 1933 1
1762 1847 1
1762 1850 1
1762 1936 1
1762 1928 1
1762 1844 1
1764 1844 1
1764 1928 1
1764 1927 1
1766 1938 1
1767 1852 1
1767 1933 1
1767 1849 1
1769 1849 1
1769 1933 1
1769 1932 1
1800 1890 1
1800 1976 1
1800 1977 1
1801 1976 1
1801 1977 1
1801 1973 1
1802 1887 1
1802 1890 1
1802 1976 1
1805 1895 1
1805 1981 1
1805 1982 1
1806 1981 1
1806 1982 1
1806 1978 1
1807 1892 1
1807 1895 1
1807 1981 1
1807 1973 1
1807 1889 1
1809 1889 1
1809 1973 1
1809 1972 1
1810 1900 1
1810 1986 1
1810 1987 1
1811 1986 1
1811 1987 1
1811 1983 1
1812 1897 1
1812 1900 1
1812 1986 1
1812 1978 1
1812 1894 1
1814 1894 1
1814 1978 1
1814 1977 1
1815 1905 1
1815 1991 1
1815 1992 1
1816 1991 1
1816 1992 1
1816 1988 1
1817 1902 1
1817 1905 1
1817 1991 1
1817 1983 1
1817 1899 1
1819 1899 1
1819 1983 1
1819 1982 1
1820 1910 1
1820 1996 1
1820 1997 1
1821 1996 1
1821 1997 1
1821 1993 1
1822 1907 1
1822 1910 1
1822 1996 1
1822 1988 1
1822 1904 1
1824 1904 1
1824 1988 1
1824 1987 1
1825 1915 1
1825 2001 1
1825 2002 1
1826 2001 1
1826 2002 1
1826 1998 1
1827 1912 1
1827 1915 1
1827 2001 1
1827 1993 1
1827 1909 1
1829 1909 1
1829 1993 1
1829 1992 1
1830 1920 1
1830 2006 1
1830 2007 1
1831 2006 1
1831 2007 1
1831 2003 1
1832 1917 1
1832 1920 1
1832 2006 1
1832 1998 1
1832 1914 1
1834 1914 1
1834 1998 1
1834 1997 1
1835 1925 1
1835 2011 1
1835 2012 1
1836 2011 1
1836 2012 1
1836 2008 1
1837 1922 1
1837 1925 1
1837 2011 1
1837 2003 1
1837 1919 1
1839 1919 1
1839 2003 1
1839 2002 1
1840 1930 1
1840 2016 1
1840 2017 1
1841 2016 1
1841 2017 1
1841 2013 1
1842 1927 1
1842 1930 1
1842 2016 1
1842 2008 1
1842 1924 1
1844 1924 1
1844 2008 1
1844 2007 1
1845 1935 1
1845 2021 1
1845 2022 1
1846 2021 1
1846 2022 1
1846 2018 1
1847 1932 1
1847 1935 1
1847 2021 1
1847 2013 1
1847 1929 1
1849 1929 1
1849 2013 1
1849 2012 1
1851 2023 1
1852 1937 1
1852 2018 1
1852 1934 1
1854 1934 1
1854 2018 1
1854 2017 1
1885 1975 1
1885 2061 1
1885 2062 1
1886 2061 1
1886 2062 1
1886 2058 1
1887 1972 1
1887 1975 1
1887 2061 1
1890 1980 1
1890 2066 1
1890 2067 1
1891 2066 1
1891 2067 1
1891 2063 1
1892 1977 1
1892 1980 1
1892 2066 1
1892 2058 1
1892 1974 1
1894 1974 1
1894 2058 1
1894 2057 1
1895 1985 1
1895 2071 1
1895 2072 1
1896 2071 1
1896 2072 1
1896 2068 1
1897 1982 1
1897 1985 1
1897 2071 1
1897 2063 1
1897 1979 1
1899 1979 1
1899 2063 1
1899 2062 1
1900 1990 1
1900 2076 1
1900 2077 1
1901 2076 1
1901 2077 1
1901 2073 1
1902 1987 1
1902 1990 1
1902 2076 1
1902 2068 1
1902 1984 1
1904 1984 1
1904 2068 1
1904 2067 1
1905 1995 1
1905 2081 1
1905 2082 1
1906 2081 1
1906 2082 1
1906 2078 1
1907 1992 1
1907 1995 1
1907 2081 1
1907 2073 1
1907 1989 1
1909 1989 1
1909 2073 1
1909 2072 1
1910 2000 1
1910 2086 1
1910 2087 1
1911 2086 1
1911 2087 1
1911 2083 1
1912 1997 1
1912 2000 1
1912 2086 1
1912 2078 1
1912 1994 1
1914 1994 1
1914 2078 1
1914 2077 1
1915 2005 1
1915 2091 1
1915 2092 1
1916 2091 1
1916 2092 1
1916 2088 1
1917 2002 1
1917 2005 1
1917 2091 1
1917 2083 1
1917 1999 1
1919 1999 1
1919 2083 1
1919 2082 1
1920 2010 1
1920 2096 1
1920 2097 1
1921 2096 1
1921 2097 1
1921 2093 1
1922 2007 1
1922 2010 1
1922 2096 1
1922 2088 1
1922 2004 1
1924 2004 1
1924 2088 1
1924 2087 1
1925 2015 1
1925 2101 1
1925 2102 1
1926 2101 1
1926 2102 1
1926 2098 1
1927 2012 1
1927 2015 1
1927 2101 1
1927 2093 1
1927 2009 1
1929 2009 1
1929 2093 1
1929 2092 1
1930 2020 1
1930 2106 1
1930 2107 1
1931 2106 1
1931 2107 1
1931 2103 1
1932 2017 1
1932 2020 1
1932 2106 1
1932 2098 1
1932 2014 1
1934 2014 1
1934 2098 1
1934 2097 1
1936 2108 1
1937 2022 1
1937 2103 1
1937 2019 1
1939 2019 1
1939 2103 1
1939 2102 1
1970 2060 1
1972 2057 1
1972 2060 1
1975 2065 1
1977 2062 1
1977 2065 1
1977 2059 1
1979 2059 1
1980 2070 1
1982 2067 1
1982 2070 1
1982 2064 1
1984 2064 1
1985 2075 1
1987 2072 1
1987 2075 1
1987 2069 1
1989 2069 1
1990 2080 1
1992 2077 1
1992 2080 1
1992 2074 1
1994 2074 1
1995 2085 1
1997 2082 1
1997 2085 1
1997 2079 1
1999 2079 1
2000 2090 1
2002 2087 1
2002 2090 1
2002 2084 1
2004 2084 1
2005 2095 1
2007 2092 1
2007 2095 1
2007 2089 1
2009 2089 1
2010 2100 1
2012 2097 1
2012 2100 1
2012 2094 1
2014 2094 1
2015 2105 1
2017 2102 1
2017 2105 1
2017 2099 1
2019 2099 1
2022 2107 1
2022 2104 1
2024 2104 1
