-2 -3 60 0
-2 -3 75 0
-2 -3 90 0
 -2  -3 105 0
 -2  -3 120 0
-1.75 -3 60 0
-1.75 -3 75 0
-1.75 -3 90 0
-1.75  -3 105 0
-1.75  -3 120 0
-1.5 -3 60 0
-1.5 -3 75 0
-1.5 -3 90 0
-1.5  -3 105 0
-1.5  -3 120 0
-1.25 -3 60 1
-1.25 -3 75 1
-1.25 -3 90 1
-1.25  -3 105 1
-1.25  -3 120 1
-1 -3 60 1
-1 -3 75 1
-1 -3 90 1
 -1  -3 105 1
 -1  -3 120 1
-0.75 -3 60 1
-0.75 -3 75 1
-0.75 -3 90 1
-0.75  -3 105 1
-0.75  -3 120 1
-0.5 -3 60 1
-0.5 -3 75 1
-0.5 -3 90 1
-0.5  -3 105 1
-0.5  -3 120 1
-0.25 -3 60 1
-0.25 -3 75 1
-0.25 -3 90 1
-0.25  -3 105 1
-0.25  -3 120 1
 0 -3 60 1
 0 -3 75 1
 0 -3 90 1
  0  -3 105 1
  0  -3 120 1
0.25 -3 60 1
0.25 -3 75 1
0.25 -3 90 1
0.25  -3 105 1
0.25  -3 120 1
0.5 -3 60 1
0.5 -3 75 1
0.5 -3 90 1
0.5  -3 105 1
0.5  -3 120 1
0.75 -3 60 1
0.75 -3 75 1
0.75 -3 90 1
0.75  -3 105 1
0.75  -3 120 1
 1 -3 60 1
 1 -3 75 1
 1 -3 90 1
  1  -3 105 1
  1  -3 120 1
1.25 -3 60 1
1.25 -3 75 1
1.25 -3 90 1
1.25  -3 105 1
1.25  -3 120 1
1.5 -3 60 0
1.5 -3 75 0
1.5 -3 90 0
1.5  -3 105 0
1.5  -3 120 0
1.75 -3 60 0
1.75 -3 75 0
1.75 -3 90 0
1.75  -3 105 0
1.75  -3 120 0
 2 -3 60 0
 2 -3 75 0
 2 -3 90 0
  2  -3 105 0
  2  -3 120 0
   -2 -2.75    60 0
   -2 -2.75    75 0
   -2 -2.75    90 0
   -2 -2.75   105 0
   -2 -2.75   120 0
-1.75 -2.75    60 0
-1.75 -2.75    75 0
-1.75 -2.75    90 0
-1.75 -2.75   105 0
-1.75 -2.75   120 0
 -1.5 -2.75    60 0
 -1.5 -2.75    75 0
 -1.5 -2.75    90 0
 -1.5 -2.75   105 0
 -1.5 -2.75   120 0
-1.25 -2.75    60 1
-1.25 -2.75    75 1
-1.25 -2.75    90 1
-1.25 -2.75   105 1
-1.25 -2.75   120 1
   -1 -2.75    60 1
   -1 -2.75    75 1
   -1 -2.75    90 1
   -1 -2.75   105 1
   -1 -2.75   120 1
-0.75 -2.75    60 1
-0.75 -2.75    75 1
-0.75 -2.75    90 1
-0.75 -2.75   105 1
-0.75 -2.75   120 1
 -0.5 -2.75    60 1
 -0.5 -2.75    75 1
 -0.5 -2.75    90 1
 -0.5 -2.75   105 1
 -0.5 -2.75   120 1
-0.25 -2.75    60 1
-0.25 -2.75    75 1
-0.25 -2.75    90 1
-0.25 -2.75   105 1
-0.25 -2.75   120 1
    0 -2.75    60 1
    0 -2.75    75 1
    0 -2.75    90 1
    0 -2.75   105 1
    0 -2.75   120 1
 0.25 -2.75    60 1
 0.25 -2.75    75 1
 0.25 -2.75    90 1
 0.25 -2.75   105 1
 0.25 -2.75   120 1
  0.5 -2.75    60 1
  0.5 -2.75    75 1
  0.5 -2.75    90 1
  0.5 -2.75   105 1
  0.5 -2.75   120 1
 0.75 -2.75    60 1
 0.75 -2.75    75 1
 0.75 -2.75    90 1
 0.75 -2.75   105 1
 0.75 -2.75   120 1
    1 -2.75    60 1
    1 -2.75    75 1
    1 -2.75    90 1
    1 -2.75   105 1
    1 -2.75   120 1
 1.25 -2.75    60 1
 1.25 -2.75    75 1
 1.25 -2.75    90 1
 1.25 -2.75   105 1
 1.25 -2.75   120 1
  1.5 -2.75    60 0
  1.5 -2.75    75 0
  1.5 -2.75    90 0
  1.5 -2.75   105 0
  1.5 -2.75   120 0
 1.75 -2.75    60 0
 1.75 -2.75    75 0
 1.75 -2.75    90 0
 1.75 -2.75   105 0
 1.75 -2.75   120 0
    2 -2.75    60 0
    2 -2.75    75 0
    2 -2.75    90 0
    2 -2.75   105 0
    2 -2.75   120 0
  -2 -2.5   60 0
  -2 -2.5   75 0
  -2 -2.5   90 0
  -2 -2.5  105 0
  -2 -2.5  120 0
-1.75 -2.5   60 0
-1.75 -2.5   75 0
-1.75 -2.5   90 0
-1.75 -2.5  105 0
-1.75 -2.5  120 0
-1.5 -2.5   60 0
-1.5 -2.5   75 0
-1.5 -2.5   90 0
-1.5 -2.5  105 0
-1.5 -2.5  120 0
-1.25 -2.5   60 1
-1.25 -2.5   75 1
-1.25 -2.5   90 1
-1.25 -2.5  105 1
-1.25 -2.5  120 1
  -1 -2.5   60 1
  -1 -2.5   75 1
  -1 -2.5   90 1
  -1 -2.5  105 1
  -1 -2.5  120 1
-0.75 -2.5   60 1
-0.75 -2.5   75 1
-0.75 -2.5   90 1
-0.75 -2.5  105 1
-0.75 -2.5  120 1
-0.5 -2.5   60 1
-0.5 -2.5   75 1
-0.5 -2.5   90 1
-0.5 -2.5  105 1
-0.5 -2.5  120 1
-0.25 -2.5   60 1
-0.25 -2.5   75 1
-0.25 -2.5   90 1
-0.25 -2.5  105 1
-0.25 -2.5  120 1
   0 -2.5   60 1
   0 -2.5   75 1
   0 -2.5   90 1
   0 -2.5  105 1
   0 -2.5  120 1
0.25 -2.5   60 1
0.25 -2.5   75 1
0.25 -2.5   90 1
0.25 -2.5  105 1
0.25 -2.5  120 1
 0.5 -2.5   60 1
 0.5 -2.5   75 1
 0.5 -2.5   90 1
 0.5 -2.5  105 1
 0.5 -2.5  120 1
0.75 -2.5   60 1
0.75 -2.5   75 1
0.75 -2.5   90 1
0.75 -2.5  105 1
0.75 -2.5  120 1
   1 -2.5   60 1
   1 -2.5   75 1
   1 -2.5   90 1
   1 -2.5  105 1
   1 -2.5  120 1
1.25 -2.5   60 1
1.25 -2.5   75 1
1.25 -2.5   90 1
1.25 -2.5  105 1
1.25 -2.5  120 1
 1.5 -2.5   60 0
 1.5 -2.5   75 0
 1.5 -2.5   90 0
 1.5 -2.5  105 0
 1.5 -2.5  120 0
1.75 -2.5   60 0
1.75 -2.5   75 0
1.75 -2.5   90 0
1.75 -2.5  105 0
1.75 -2.5  120 0
   2 -2.5   60 0
   2 -2.5   75 0
   2 -2.5   90 0
   2 -2.5  105 0
   2 -2.5  120 0
   -2 -2.25    60 0
   -2 -2.25    75 0
   -2 -2.25    90 0
   -2 -2.25   105 0
   -2 -2.25   120 0
-1.75 -2.25    60 0
-1.75 -2.25    75 0
-1.75 -2.25    90 0
-1.75 -2.25   105 0
-1.75 -2.25   120 0
 -1.5 -2.25    60 0
 -1.5 -2.25    75 0
 -1.5 -2.25    90 0
 -1.5 -2.25   105 0
 -1.5 -2.25   120 0
-1.25 -2.25    60 1
-1.25 -2.25    75 1
-1.25 -2.25    90 1
-1.25 -2.25   105 1
-1.25 -2.25   120 1
   -1 -2.25    60 1
   -1 -2.25    75 1
   -1 -2.25    90 1
   -1 -2.25   105 1
   -1 -2.25   120 1
-0.75 -2.25    60 1
-0.75 -2.25    75 1
-0.75 -2.25    90 1
-0.75 -2.25   105 1
-0.75 -2.25   120 1
 -0.5 -2.25    60 1
 -0.5 -2.25    75 1
 -0.5 -2.25    90 1
 -0.5 -2.25   105 1
 -0.5 -2.25   120 1
-0.25 -2.25    60 1
-0.25 -2.25    75 1
-0.25 -2.25    90 1
-0.25 -2.25   105 1
-0.25 -2.25   120 1
    0 -2.25    60 1
    0 -2.25    75 1
    0 -2.25    90 1
    0 -2.25   105 1
    0 -2.25   120 1
 0.25 -2.25    60 1
 0.25 -2.25    75 1
 0.25 -2.25    90 1
 0.25 -2.25   105 1
 0.25 -2.25   120 1
  0.5 -2.25    60 1
  0.5 -2.25    75 1
  0.5 -2.25    90 1
  0.5 -2.25   105 1
  0.5 -2.25   120 1
 0.75 -2.25    60 1
 0.75 -2.25    75 1
 0.75 -2.25    90 1
 0.75 -2.25   105 1
 0.75 -2.25   120 1
    1 -2.25    60 1
    1 -2.25    75 1
    1 -2.25    90 1
    1 -2.25   105 1
    1 -2.25   120 1
 1.25 -2.25    60 1
 1.25 -2.25    75 1
 1.25 -2.25    90 1
 1.25 -2.25   105 1
 1.25 -2.25   120 1
  1.5 -2.25    60 0
  1.5 -2.25    75 0
  1.5 -2.25    90 0
  1.5 -2.25   105 0
  1.5 -2.25   120 0
 1.75 -2.25    60 0
 1.75 -2.25    75 0
 1.75 -2.25    90 0
 1.75 -2.25   105 0
 1.75 -2.25   120 0
    2 -2.25    60 0
    2 -2.25    75 0
    2 -2.25    90 0
    2 -2.25   105 0
    2 -2.25   120 0
-2 -2 60 0
-2 -2 75 0
-2 -2 90 0
 -2  -2 105 0
 -2  -2 120 0
-1.75 -2 60 0
-1.75 -2 75 0
-1.75 -2 90 0
-1.75  -2 105 0
-1.75  -2 120 0
-1.5 -2 60 0
-1.5 -2 75 0
-1.5 -2 90 0
-1.5  -2 105 0
-1.5  -2 120 0
-1.25 -2 60 1
-1.25 -2 75 1
-1.25 -2 90 1
-1.25  -2 105 1
-1.25  -2 120 1
-1 -2 60 1
-1 -2 75 1
-1 -2 90 1
 -1  -2 105 1
 -1  -2 120 1
-0.75 -2 60 1
-0.75 -2 75 1
-0.75 -2 90 1
-0.75  -2 105 1
-0.75  -2 120 1
-0.5 -2 60 1
-0.5 -2 75 1
-0.5 -2 90 1
-0.5  -2 105 1
-0.5  -2 120 1
-0.25 -2 60 1
-0.25 -2 75 1
-0.25 -2 90 1
-0.25  -2 105 1
-0.25  -2 120 1
 0 -2 60 1
 0 -2 75 1
 0 -2 90 1
  0  -2 105 1
  0  -2 120 1
0.25 -2 60 1
0.25 -2 75 1
0.25 -2 90 1
0.25  -2 105 1
0.25  -2 120 1
0.5 -2 60 1
0.5 -2 75 1
0.5 -2 90 1
0.5  -2 105 1
0.5  -2 120 1
0.75 -2 60 1
0.75 -2 75 1
0.75 -2 90 1
0.75  -2 105 1
0.75  -2 120 1
 1 -2 60 1
 1 -2 75 1
 1 -2 90 1
  1  -2 105 1
  1  -2 120 1
1.25 -2 60 1
1.25 -2 75 1
1.25 -2 90 1
1.25  -2 105 1
1.25  -2 120 1
1.5 -2 60 0
1.5 -2 75 0
1.5 -2 90 0
1.5  -2 105 0
1.5  -2 120 0
1.75 -2 60 0
1.75 -2 75 0
1.75 -2 90 0
1.75  -2 105 0
1.75  -2 120 0
 2 -2 60 0
 2 -2 75 0
 2 -2 90 0
  2  -2 105 0
  2  -2 120 0
   -2 -1.75    60 0
   -2 -1.75    75 0
   -2 -1.75    90 0
   -2 -1.75   105 0
   -2 -1.75   120 0
-1.75 -1.75    60 0
-1.75 -1.75    75 0
-1.75 -1.75    90 0
-1.75 -1.75   105 0
-1.75 -1.75   120 0
 -1.5 -1.75    60 0
 -1.5 -1.75    75 0
 -1.5 -1.75    90 0
 -1.5 -1.75   105 0
 -1.5 -1.75   120 0
-1.25 -1.75    60 1
-1.25 -1.75    75 1
-1.25 -1.75    90 1
-1.25 -1.75   105 1
-1.25 -1.75   120 1
   -1 -1.75    60 1
   -1 -1.75    75 1
   -1 -1.75    90 1
   -1 -1.75   105 1
   -1 -1.75   120 1
-0.75 -1.75    60 1
-0.75 -1.75    75 1
-0.75 -1.75    90 1
-0.75 -1.75   105 1
-0.75 -1.75   120 1
 -0.5 -1.75    60 1
 -0.5 -1.75    75 1
 -0.5 -1.75    90 1
 -0.5 -1.75   105 1
 -0.5 -1.75   120 1
-0.25 -1.75    60 1
-0.25 -1.75    75 1
-0.25 -1.75    90 1
-0.25 -1.75   105 1
-0.25 -1.75   120 1
    0 -1.75    60 1
    0 -1.75    75 1
    0 -1.75    90 1
    0 -1.75   105 1
    0 -1.75   120 1
 0.25 -1.75    60 1
 0.25 -1.75    75 1
 0.25 -1.75    90 1
 0.25 -1.75   105 1
 0.25 -1.75   120 1
  0.5 -1.75    60 1
  0.5 -1.75    75 1
  0.5 -1.75    90 1
  0.5 -1.75   105 1
  0.5 -1.75   120 1
 0.75 -1.75    60 1
 0.75 -1.75    75 1
 0.75 -1.75    90 1
 0.75 -1.75   105 1
 0.75 -1.75   120 1
    1 -1.75    60 1
    1 -1.75    75 1
    1 -1.75    90 1
    1 -1.75   105 1
    1 -1.75   120 1
 1.25 -1.75    60 1
 1.25 -1.75    75 1
 1.25 -1.75    90 1
 1.25 -1.75   105 1
 1.25 -1.75   120 1
  1.5 -1.75    60 0
  1.5 -1.75    75 0
  1.5 -1.75    90 0
  1.5 -1.75   105 0
  1.5 -1.75   120 0
 1.75 -1.75    60 0
 1.75 -1.75    75 0
 1.75 -1.75    90 0
 1.75 -1.75   105 0
 1.75 -1.75   120 0
    2 -1.75    60 0
    2 -1.75    75 0
    2 -1.75    90 0
    2 -1.75   105 0
    2 -1.75   120 0
  -2 -1.5   60 0
  -2 -1.5   75 0
  -2 -1.5   90 0
  -2 -1.5  105 0
  -2 -1.5  120 0
-1.75 -1.5   60 0
-1.75 -1.5   75 0
-1.75 -1.5   90 0
-1.75 -1.5  105 0
-1.75 -1.5  120 0
-1.5 -1.5   60 0
-1.5 -1.5   75 0
-1.5 -1.5   90 0
-1.5 -1.5  105 0
-1.5 -1.5  120 0
-1.25 -1.5   60 1
-1.25 -1.5   75 1
-1.25 -1.5   90 1
-1.25 -1.5  105 1
-1.25 -1.5  120 1
  -1 -1.5   60 1
  -1 -1.5   75 1
  -1 -1.5   90 1
  -1 -1.5  105 1
  -1 -1.5  120 1
-0.75 -1.5   60 1
-0.75 -1.5   75 1
-0.75 -1.5   90 1
-0.75 -1.5  105 1
-0.75 -1.5  120 1
-0.5 -1.5   60 1
-0.5 -1.5   75 1
-0.5 -1.5   90 1
-0.5 -1.5  105 1
-0.5 -1.5  120 1
-0.25 -1.5   60 1
-0.25 -1.5   75 1
-0.25 -1.5   90 1
-0.25 -1.5  105 1
-0.25 -1.5  120 1
   0 -1.5   60 1
   0 -1.5   75 1
   0 -1.5   90 1
   0 -1.5  105 1
   0 -1.5  120 1
0.25 -1.5   60 1
0.25 -1.5   75 1
0.25 -1.5   90 1
0.25 -1.5  105 1
0.25 -1.5  120 1
 0.5 -1.5   60 1
 0.5 -1.5   75 1
 0.5 -1.5   90 1
 0.5 -1.5  105 1
 0.5 -1.5  120 1
0.75 -1.5   60 1
0.75 -1.5   75 1
0.75 -1.5   90 1
0.75 -1.5  105 1
0.75 -1.5  120 1
   1 -1.5   60 1
   1 -1.5   75 1
   1 -1.5   90 1
   1 -1.5  105 1
   1 -1.5  120 1
1.25 -1.5   60 1
1.25 -1.5   75 1
1.25 -1.5   90 1
1.25 -1.5  105 1
1.25 -1.5  120 1
 1.5 -1.5   60 0
 1.5 -1.5   75 0
 1.5 -1.5   90 0
 1.5 -1.5  105 0
 1.5 -1.5  120 0
1.75 -1.5   60 0
1.75 -1.5   75 0
1.75 -1.5   90 0
1.75 -1.5  105 0
1.75 -1.5  120 0
   2 -1.5   60 0
   2 -1.5   75 0
   2 -1.5   90 0
   2 -1.5  105 0
   2 -1.5  120 0
   -2 -1.25    60 0
   -2 -1.25    75 0
   -2 -1.25    90 0
   -2 -1.25   105 0
   -2 -1.25   120 0
-1.75 -1.25    60 0
-1.75 -1.25    75 0
-1.75 -1.25    90 0
-1.75 -1.25   105 0
-1.75 -1.25   120 0
 -1.5 -1.25    60 0
 -1.5 -1.25    75 0
 -1.5 -1.25    90 0
 -1.5 -1.25   105 0
 -1.5 -1.25   120 0
-1.25 -1.25    60 1
-1.25 -1.25    75 1
-1.25 -1.25    90 1
-1.25 -1.25   105 1
-1.25 -1.25   120 1
   -1 -1.25    60 1
   -1 -1.25    75 1
   -1 -1.25    90 1
   -1 -1.25   105 1
   -1 -1.25   120 1
-0.75 -1.25    60 1
-0.75 -1.25    75 1
-0.75 -1.25    90 1
-0.75 -1.25   105 1
-0.75 -1.25   120 1
 -0.5 -1.25    60 1
 -0.5 -1.25    75 1
 -0.5 -1.25    90 1
 -0.5 -1.25   105 1
 -0.5 -1.25   120 1
-0.25 -1.25    60 1
-0.25 -1.25    75 1
-0.25 -1.25    90 1
-0.25 -1.25   105 1
-0.25 -1.25   120 1
    0 -1.25    60 1
    0 -1.25    75 1
    0 -1.25    90 1
    0 -1.25   105 1
    0 -1.25   120 1
 0.25 -1.25    60 1
 0.25 -1.25    75 1
 0.25 -1.25    90 1
 0.25 -1.25   105 1
 0.25 -1.25   120 1
  0.5 -1.25    60 1
  0.5 -1.25    75 1
  0.5 -1.25    90 1
  0.5 -1.25   105 1
  0.5 -1.25   120 1
 0.75 -1.25    60 1
 0.75 -1.25    75 1
 0.75 -1.25    90 1
 0.75 -1.25   105 1
 0.75 -1.25   120 1
    1 -1.25    60 1
    1 -1.25    75 1
    1 -1.25    90 1
    1 -1.25   105 1
    1 -1.25   120 1
 1.25 -1.25    60 1
 1.25 -1.25    75 1
 1.25 -1.25    90 1
 1.25 -1.25   105 1
 1.25 -1.25   120 1
  1.5 -1.25    60 0
  1.5 -1.25    75 0
  1.5 -1.25    90 0
  1.5 -1.25   105 0
  1.5 -1.25   120 0
 1.75 -1.25    60 0
 1.75 -1.25    75 0
 1.75 -1.25    90 0
 1.75 -1.25   105 0
 1.75 -1.25   120 0
    2 -1.25    60 0
    2 -1.25    75 0
    2 -1.25    90 0
    2 -1.25   105 0
    2 -1.25   120 0
-2 -1 60 0
-2 -1 75 0
-2 -1 90 0
 -2  -1 105 0
 -2  -1 120 0
-1.75 -1 60 0
-1.75 -1 75 0
-1.75 -1 90 0
-1.75  -1 105 0
-1.75  -1 120 0
-1.5 -1 60 0
-1.5 -1 75 0
-1.5 -1 90 0
-1.5  -1 105 0
-1.5  -1 120 0
-1.25 -1 60 1
-1.25 -1 75 1
-1.25 -1 90 1
-1.25  -1 105 1
-1.25  -1 120 1
-1 -1 60 1
-1 -1 75 1
-1 -1 90 1
 -1  -1 105 1
 -1  -1 120 1
-0.75 -1 60 1
-0.75 -1 75 1
-0.75 -1 90 1
-0.75  -1 105 1
-0.75  -1 120 1
-0.5 -1 60 1
-0.5 -1 75 1
-0.5 -1 90 1
-0.5  -1 105 1
-0.5  -1 120 1
-0.25 -1 60 1
-0.25 -1 75 1
-0.25 -1 90 1
-0.25  -1 105 1
-0.25  -1 120 1
 0 -1 60 1
 0 -1 75 1
 0 -1 90 1
  0  -1 105 1
  0  -1 120 1
0.25 -1 60 1
0.25 -1 75 1
0.25 -1 90 1
0.25  -1 105 1
0.25  -1 120 1
0.5 -1 60 1
0.5 -1 75 1
0.5 -1 90 1
0.5  -1 105 1
0.5  -1 120 1
0.75 -1 60 1
0.75 -1 75 1
0.75 -1 90 1
0.75  -1 105 1
0.75  -1 120 1
 1 -1 60 1
 1 -1 75 1
 1 -1 90 1
  1  -1 105 1
  1  -1 120 1
1.25 -1 60 1
1.25 -1 75 1
1.25 -1 90 1
1.25  -1 105 1
1.25  -1 120 1
1.5 -1 60 0
1.5 -1 75 0
1.5 -1 90 0
1.5  -1 105 0
1.5  -1 120 0
1.75 -1 60 0
1.75 -1 75 0
1.75 -1 90 0
1.75  -1 105 0
1.75  -1 120 0
 2 -1 60 0
 2 -1 75 0
 2 -1 90 0
  2  -1 105 0
  2  -1 120 0
   -2 -0.75    60 0
   -2 -0.75    75 0
   -2 -0.75    90 0
   -2 -0.75   105 0
   -2 -0.75   120 0
-1.75 -0.75    60 0
-1.75 -0.75    75 0
-1.75 -0.75    90 0
-1.75 -0.75   105 0
-1.75 -0.75   120 0
 -1.5 -0.75    60 0
 -1.5 -0.75    75 0
 -1.5 -0.75    90 0
 -1.5 -0.75   105 0
 -1.5 -0.75   120 0
-1.25 -0.75    60 1
-1.25 -0.75    75 1
-1.25 -0.75    90 1
-1.25 -0.75   105 1
-1.25 -0.75   120 1
   -1 -0.75    60 1
   -1 -0.75    75 1
   -1 -0.75    90 1
   -1 -0.75   105 1
   -1 -0.75   120 1
-0.75 -0.75    60 1
-0.75 -0.75    75 1
-0.75 -0.75    90 1
-0.75 -0.75   105 1
-0.75 -0.75   120 1
 -0.5 -0.75    60 1
 -0.5 -0.75    75 1
 -0.5 -0.75    90 1
 -0.5 -0.75   105 1
 -0.5 -0.75   120 1
-0.25 -0.75    60 1
-0.25 -0.75    75 1
-0.25 -0.75    90 1
-0.25 -0.75   105 1
-0.25 -0.75   120 1
    0 -0.75    60 1
    0 -0.75    75 1
    0 -0.75    90 1
    0 -0.75   105 1
    0 -0.75   120 1
 0.25 -0.75    60 1
 0.25 -0.75    75 1
 0.25 -0.75    90 1
 0.25 -0.75   105 1
 0.25 -0.75   120 1
  0.5 -0.75    60 1
  0.5 -0.75    75 1
  0.5 -0.75    90 1
  0.5 -0.75   105 1
  0.5 -0.75   120 1
 0.75 -0.75    60 1
 0.75 -0.75    75 1
 0.75 -0.75    90 1
 0.75 -0.75   105 1
 0.75 -0.75   120 1
    1 -0.75    60 1
    1 -0.75    75 1
    1 -0.75    90 1
    1 -0.75   105 1
    1 -0.75   120 1
 1.25 -0.75    60 1
 1.25 -0.75    75 1
 1.25 -0.75    90 1
 1.25 -0.75   105 1
 1.25 -0.75   120 1
  1.5 -0.75    60 0
  1.5 -0.75    75 0
  1.5 -0.75    90 0
  1.5 -0.75   105 0
  1.5 -0.75   120 0
 1.75 -0.75    60 0
 1.75 -0.75    75 0
 1.75 -0.75    90 0
 1.75 -0.75   105 0
 1.75 -0.75   120 0
    2 -0.75    60 0
    2 -0.75    75 0
    2 -0.75    90 0
    2 -0.75   105 0
    2 -0.75   120 0
  -2 -0.5   60 0
  -2 -0.5   75 0
  -2 -0.5   90 0
  -2 -0.5  105 0
  -2 -0.5  120 0
-1.75 -0.5   60 0
-1.75 -0.5   75 0
-1.75 -0.5   90 0
-1.75 -0.5  105 0
-1.75 -0.5  120 0
-1.5 -0.5   60 0
-1.5 -0.5   75 0
-1.5 -0.5   90 0
-1.5 -0.5  105 0
-1.5 -0.5  120 0
-1.25 -0.5   60 1
-1.25 -0.5   75 1
-1.25 -0.5   90 1
-1.25 -0.5  105 1
-1.25 -0.5  120 1
  -1 -0.5   60 1
  -1 -0.5   75 1
  -1 -0.5   90 1
  -1 -0.5  105 1
  -1 -0.5  120 1
-0.75 -0.5   60 1
-0.75 -0.5   75 1
-0.75 -0.5   90 1
-0.75 -0.5  105 1
-0.75 -0.5  120 1
-0.5 -0.5   60 1
-0.5 -0.5   75 1
-0.5 -0.5   90 1
-0.5 -0.5  105 1
-0.5 -0.5  120 1
-0.25 -0.5   60 1
-0.25 -0.5   75 1
-0.25 -0.5   90 1
-0.25 -0.5  105 1
-0.25 -0.5  120 1
   0 -0.5   60 1
   0 -0.5   75 1
   0 -0.5   90 1
   0 -0.5  105 1
   0 -0.5  120 1
0.25 -0.5   60 1
0.25 -0.5   75 1
0.25 -0.5   90 1
0.25 -0.5  105 1
0.25 -0.5  120 1
 0.5 -0.5   60 1
 0.5 -0.5   75 1
 0.5 -0.5   90 1
 0.5 -0.5  105 1
 0.5 -0.5  120 1
0.75 -0.5   60 1
0.75 -0.5   75 1
0.75 -0.5   90 1
0.75 -0.5  105 1
0.75 -0.5  120 1
   1 -0.5   60 1
   1 -0.5   75 1
   1 -0.5   90 1
   1 -0.5  105 1
   1 -0.5  120 1
1.25 -0.5   60 1
1.25 -0.5   75 1
1.25 -0.5   90 1
1.25 -0.5  105 1
1.25 -0.5  120 1
 1.5 -0.5   60 0
 1.5 -0.5   75 0
 1.5 -0.5   90 0
 1.5 -0.5  105 0
 1.5 -0.5  120 0
1.75 -0.5   60 0
1.75 -0.5   75 0
1.75 -0.5   90 0
1.75 -0.5  105 0
1.75 -0.5  120 0
   2 -0.5   60 0
   2 -0.5   75 0
   2 -0.5   90 0
   2 -0.5  105 0
   2 -0.5  120 0
   -2 -0.25    60 0
   -2 -0.25    75 0
   -2 -0.25    90 0
   -2 -0.25   105 0
   -2 -0.25   120 0
-1.75 -0.25    60 0
-1.75 -0.25    75 0
-1.75 -0.25    90 0
-1.75 -0.25   105 0
-1.75 -0.25   120 0
 -1.5 -0.25    60 0
 -1.5 -0.25    75 0
 -1.5 -0.25    90 0
 -1.5 -0.25   105 0
 -1.5 -0.25   120 0
-1.25 -0.25    60 1
-1.25 -0.25    75 1
-1.25 -0.25    90 1
-1.25 -0.25   105 1
-1.25 -0.25   120 1
   -1 -0.25    60 1
   -1 -0.25    75 1
   -1 -0.25    90 1
   -1 -0.25   105 1
   -1 -0.25   120 1
-0.75 -0.25    60 1
-0.75 -0.25    75 1
-0.75 -0.25    90 1
-0.75 -0.25   105 1
-0.75 -0.25   120 1
 -0.5 -0.25    60 1
 -0.5 -0.25    75 1
 -0.5 -0.25    90 1
 -0.5 -0.25   105 1
 -0.5 -0.25   120 1
-0.25 -0.25    60 1
-0.25 -0.25    75 1
-0.25 -0.25    90 1
-0.25 -0.25   105 1
-0.25 -0.25   120 1
    0 -0.25    60 1
    0 -0.25    75 1
    0 -0.25    90 1
    0 -0.25   105 1
    0 -0.25   120 1
 0.25 -0.25    60 1
 0.25 -0.25    75 1
 0.25 -0.25    90 1
 0.25 -0.25   105 1
 0.25 -0.25   120 1
  0.5 -0.25    60 1
  0.5 -0.25    75 1
  0.5 -0.25    90 1
  0.5 -0.25   105 1
  0.5 -0.25   120 1
 0.75 -0.25    60 1
 0.75 -0.25    75 1
 0.75 -0.25    90 1
 0.75 -0.25   105 1
 0.75 -0.25   120 1
    1 -0.25    60 1
    1 -0.25    75 1
    1 -0.25    90 1
    1 -0.25   105 1
    1 -0.25   120 1
 1.25 -0.25    60 1
 1.25 -0.25    75 1
 1.25 -0.25    90 1
 1.25 -0.25   105 1
 1.25 -0.25   120 1
  1.5 -0.25    60 0
  1.5 -0.25    75 0
  1.5 -0.25    90 0
  1.5 -0.25   105 0
  1.5 -0.25   120 0
 1.75 -0.25    60 0
 1.75 -0.25    75 0
 1.75 -0.25    90 0
 1.75 -0.25   105 0
 1.75 -0.25   120 0
    2 -0.25    60 0
    2 -0.25    75 0
    2 -0.25    90 0
    2 -0.25   105 0
    2 -0.25   120 0
-2  0 60 0
-2  0 75 0
-2  0 90 0
 -2   0 105 0
 -2   0 120 0
-1.75  0 60 0
-1.75  0 75 0
-1.75  0 90 0
-1.75   0 105 0
-1.75   0 120 0
-1.5  0 60 0
-1.5  0 75 0
-1.5  0 90 0
-1.5   0 105 0
-1.5   0 120 0
-1.25  0 60 1
-1.25  0 75 1
-1.25  0 90 1
-1.25   0 105 1
-1.25   0 120 1
-1  0 60 1
-1  0 75 1
-1  0 90 1
 -1   0 105 1
 -1   0 120 1
-0.75  0 60 1
-0.75  0 75 1
-0.75  0 90 1
-0.75   0 105 1
-0.75   0 120 1
-0.5  0 60 1
-0.5  0 75 1
-0.5  0 90 1
-0.5   0 105 1
-0.5   0 120 1
-0.25  0 60 1
-0.25  0 75 1
-0.25  0 90 1
-0.25   0 105 1
-0.25   0 120 1
 0  0 60 1
 0  0 75 1
 0  0 90 1
  0   0 105 1
  0   0 120 1
0.25  0 60 1
0.25  0 75 1
0.25  0 90 1
0.25   0 105 1
0.25   0 120 1
0.5  0 60 1
0.5  0 75 1
0.5  0 90 1
0.5   0 105 1
0.5   0 120 1
0.75  0 60 1
0.75  0 75 1
0.75  0 90 1
0.75   0 105 1
0.75   0 120 1
 1  0 60 1
 1  0 75 1
 1  0 90 1
  1   0 105 1
  1   0 120 1
1.25  0 60 1
1.25  0 75 1
1.25  0 90 1
1.25   0 105 1
1.25   0 120 1
1.5  0 60 0
1.5  0 75 0
1.5  0 90 0
1.5   0 105 0
1.5   0 120 0
1.75  0 60 0
1.75  0 75 0
1.75  0 90 0
1.75   0 105 0
1.75   0 120 0
 2  0 60 0
 2  0 75 0
 2  0 90 0
  2   0 105 0
  2   0 120 0
  -2 0.25   60 0
  -2 0.25   75 0
  -2 0.25   90 0
  -2 0.25  105 0
  -2 0.25  120 0
-1.75 0.25   60 0
-1.75 0.25   75 0
-1.75 0.25   90 0
-1.75 0.25  105 0
-1.75 0.25  120 0
-1.5 0.25   60 0
-1.5 0.25   75 0
-1.5 0.25   90 0
-1.5 0.25  105 0
-1.5 0.25  120 0
-1.25 0.25   60 1
-1.25 0.25   75 1
-1.25 0.25   90 1
-1.25 0.25  105 1
-1.25 0.25  120 1
  -1 0.25   60 1
  -1 0.25   75 1
  -1 0.25   90 1
  -1 0.25  105 1
  -1 0.25  120 1
-0.75 0.25   60 1
-0.75 0.25   75 1
-0.75 0.25   90 1
-0.75 0.25  105 1
-0.75 0.25  120 1
-0.5 0.25   60 1
-0.5 0.25   75 1
-0.5 0.25   90 1
-0.5 0.25  105 1
-0.5 0.25  120 1
-0.25 0.25   60 1
-0.25 0.25   75 1
-0.25 0.25   90 1
-0.25 0.25  105 1
-0.25 0.25  120 1
   0 0.25   60 1
   0 0.25   75 1
   0 0.25   90 1
   0 0.25  105 1
   0 0.25  120 1
0.25 0.25   60 1
0.25 0.25   75 1
0.25 0.25   90 1
0.25 0.25  105 1
0.25 0.25  120 1
 0.5 0.25   60 1
 0.5 0.25   75 1
 0.5 0.25   90 1
 0.5 0.25  105 1
 0.5 0.25  120 1
0.75 0.25   60 1
0.75 0.25   75 1
0.75 0.25   90 1
0.75 0.25  105 1
0.75 0.25  120 1
   1 0.25   60 1
   1 0.25   75 1
   1 0.25   90 1
   1 0.25  105 1
   1 0.25  120 1
1.25 0.25   60 1
1.25 0.25   75 1
1.25 0.25   90 1
1.25 0.25  105 1
1.25 0.25  120 1
 1.5 0.25   60 0
 1.5 0.25   75 0
 1.5 0.25   90 0
 1.5 0.25  105 0
 1.5 0.25  120 0
1.75 0.25   60 0
1.75 0.25   75 0
1.75 0.25   90 0
1.75 0.25  105 0
1.75 0.25  120 0
   2 0.25   60 0
   2 0.25   75 0
   2 0.25   90 0
   2 0.25  105 0
   2 0.25  120 0
 -2 0.5  60 0
 -2 0.5  75 0
 -2 0.5  90 0
 -2 0.5 105 0
 -2 0.5 120 0
-1.75 0.5  60 0
-1.75 0.5  75 0
-1.75 0.5  90 0
-1.75 0.5 105 0
-1.75 0.5 120 0
-1.5 0.5  60 0
-1.5 0.5  75 0
-1.5 0.5  90 0
-1.5 0.5 105 0
-1.5 0.5 120 0
-1.25 0.5  60 1
-1.25 0.5  75 1
-1.25 0.5  90 1
-1.25 0.5 105 1
-1.25 0.5 120 1
 -1 0.5  60 1
 -1 0.5  75 1
 -1 0.5  90 1
 -1 0.5 105 1
 -1 0.5 120 1
-0.75 0.5  60 1
-0.75 0.5  75 1
-0.75 0.5  90 1
-0.75 0.5 105 1
-0.75 0.5 120 1
-0.5 0.5  60 1
-0.5 0.5  75 1
-0.5 0.5  90 1
-0.5 0.5 105 1
-0.5 0.5 120 1
-0.25 0.5  60 1
-0.25 0.5  75 1
-0.25 0.5  90 1
-0.25 0.5 105 1
-0.25 0.5 120 1
  0 0.5  60 1
  0 0.5  75 1
  0 0.5  90 1
  0 0.5 105 1
  0 0.5 120 1
0.25 0.5  60 1
0.25 0.5  75 1
0.25 0.5  90 1
0.25 0.5 105 1
0.25 0.5 120 1
0.5 0.5  60 1
0.5 0.5  75 1
0.5 0.5  90 1
0.5 0.5 105 1
0.5 0.5 120 1
0.75 0.5  60 1
0.75 0.5  75 1
0.75 0.5  90 1
0.75 0.5 105 1
0.75 0.5 120 1
  1 0.5  60 1
  1 0.5  75 1
  1 0.5  90 1
  1 0.5 105 1
  1 0.5 120 1
1.25 0.5  60 1
1.25 0.5  75 1
1.25 0.5  90 1
1.25 0.5 105 1
1.25 0.5 120 1
1.5 0.5  60 0
1.5 0.5  75 0
1.5 0.5  90 0
1.5 0.5 105 0
1.5 0.5 120 0
1.75 0.5  60 0
1.75 0.5  75 0
1.75 0.5  90 0
1.75 0.5 105 0
1.75 0.5 120 0
  2 0.5  60 0
  2 0.5  75 0
  2 0.5  90 0
  2 0.5 105 0
  2 0.5 120 0
  -2 0.75   60 0
  -2 0.75   75 0
  -2 0.75   90 0
  -2 0.75  105 0
  -2 0.75  120 0
-1.75 0.75   60 0
-1.75 0.75   75 0
-1.75 0.75   90 0
-1.75 0.75  105 0
-1.75 0.75  120 0
-1.5 0.75   60 0
-1.5 0.75   75 0
-1.5 0.75   90 0
-1.5 0.75  105 0
-1.5 0.75  120 0
-1.25 0.75   60 1
-1.25 0.75   75 1
-1.25 0.75   90 1
-1.25 0.75  105 1
-1.25 0.75  120 1
  -1 0.75   60 1
  -1 0.75   75 1
  -1 0.75   90 1
  -1 0.75  105 1
  -1 0.75  120 1
-0.75 0.75   60 1
-0.75 0.75   75 1
-0.75 0.75   90 1
-0.75 0.75  105 1
-0.75 0.75  120 1
-0.5 0.75   60 1
-0.5 0.75   75 1
-0.5 0.75   90 1
-0.5 0.75  105 1
-0.5 0.75  120 1
-0.25 0.75   60 1
-0.25 0.75   75 1
-0.25 0.75   90 1
-0.25 0.75  105 1
-0.25 0.75  120 1
   0 0.75   60 1
   0 0.75   75 1
   0 0.75   90 1
   0 0.75  105 1
   0 0.75  120 1
0.25 0.75   60 1
0.25 0.75   75 1
0.25 0.75   90 1
0.25 0.75  105 1
0.25 0.75  120 1
 0.5 0.75   60 1
 0.5 0.75   75 1
 0.5 0.75   90 1
 0.5 0.75  105 1
 0.5 0.75  120 1
0.75 0.75   60 1
0.75 0.75   75 1
0.75 0.75   90 1
0.75 0.75  105 1
0.75 0.75  120 1
   1 0.75   60 1
   1 0.75   75 1
   1 0.75   90 1
   1 0.75  105 1
   1 0.75  120 1
1.25 0.75   60 1
1.25 0.75   75 1
1.25 0.75   90 1
1.25 0.75  105 1
1.25 0.75  120 1
 1.5 0.75   60 0
 1.5 0.75   75 0
 1.5 0.75   90 0
 1.5 0.75  105 0
 1.5 0.75  120 0
1.75 0.75   60 0
1.75 0.75   75 0
1.75 0.75   90 0
1.75 0.75  105 0
1.75 0.75  120 0
   2 0.75   60 0
   2 0.75   75 0
   2 0.75   90 0
   2 0.75  105 0
   2 0.75  120 0
-2  1 60 0
-2  1 75 0
-2  1 90 0
 -2   1 105 0
 -2   1 120 0
-1.75  1 60 0
-1.75  1 75 0
-1.75  1 90 0
-1.75   1 105 0
-1.75   1 120 0
-1.5  1 60 0
-1.5  1 75 0
-1.5  1 90 0
-1.5   1 105 0
-1.5   1 120 0
-1.25  1 60 1
-1.25  1 75 1
-1.25  1 90 1
-1.25   1 105 1
-1.25   1 120 1
-1  1 60 1
-1  1 75 1
-1  1 90 1
 -1   1 105 1
 -1   1 120 1
-0.75  1 60 1
-0.75  1 75 1
-0.75  1 90 1
-0.75   1 105 1
-0.75   1 120 1
-0.5  1 60 1
-0.5  1 75 1
-0.5  1 90 1
-0.5   1 105 1
-0.5   1 120 1
-0.25  1 60 1
-0.25  1 75 1
-0.25  1 90 1
-0.25   1 105 1
-0.25   1 120 1
 0  1 60 1
 0  1 75 1
 0  1 90 1
  0   1 105 1
  0   1 120 1
0.25  1 60 1
0.25  1 75 1
0.25  1 90 1
0.25   1 105 1
0.25   1 120 1
0.5  1 60 1
0.5  1 75 1
0.5  1 90 1
0.5   1 105 1
0.5   1 120 1
0.75  1 60 1
0.75  1 75 1
0.75  1 90 1
0.75   1 105 1
0.75   1 120 1
 1  1 60 1
 1  1 75 1
 1  1 90 1
  1   1 105 1
  1   1 120 1
1.25  1 60 1
1.25  1 75 1
1.25  1 90 1
1.25   1 105 1
1.25   1 120 1
1.5  1 60 0
1.5  1 75 0
1.5  1 90 0
1.5   1 105 0
1.5   1 120 0
1.75  1 60 0
1.75  1 75 0
1.75  1 90 0
1.75   1 105 0
1.75   1 120 0
 2  1 60 0
 2  1 75 0
 2  1 90 0
  2   1 105 0
  2   1 120 0
  -2 1.25   60 0
  -2 1.25   75 0
  -2 1.25   90 0
  -2 1.25  105 0
  -2 1.25  120 0
-1.75 1.25   60 0
-1.75 1.25   75 0
-1.75 1.25   90 0
-1.75 1.25  105 0
-1.75 1.25  120 0
-1.5 1.25   60 0
-1.5 1.25   75 0
-1.5 1.25   90 0
-1.5 1.25  105 0
-1.5 1.25  120 0
-1.25 1.25   60 1
-1.25 1.25   75 1
-1.25 1.25   90 1
-1.25 1.25  105 1
-1.25 1.25  120 1
  -1 1.25   60 1
  -1 1.25   75 1
  -1 1.25   90 1
  -1 1.25  105 1
  -1 1.25  120 1
-0.75 1.25   60 1
-0.75 1.25   75 1
-0.75 1.25   90 1
-0.75 1.25  105 1
-0.75 1.25  120 1
-0.5 1.25   60 1
-0.5 1.25   75 1
-0.5 1.25   90 1
-0.5 1.25  105 1
-0.5 1.25  120 1
-0.25 1.25   60 1
-0.25 1.25   75 1
-0.25 1.25   90 1
-0.25 1.25  105 1
-0.25 1.25  120 1
   0 1.25   60 1
   0 1.25   75 1
   0 1.25   90 1
   0 1.25  105 1
   0 1.25  120 1
0.25 1.25   60 1
0.25 1.25   75 1
0.25 1.25   90 1
0.25 1.25  105 1
0.25 1.25  120 1
 0.5 1.25   60 1
 0.5 1.25   75 1
 0.5 1.25   90 1
 0.5 1.25  105 1
 0.5 1.25  120 1
0.75 1.25   60 1
0.75 1.25   75 1
0.75 1.25   90 1
0.75 1.25  105 1
0.75 1.25  120 1
   1 1.25   60 1
   1 1.25   75 1
   1 1.25   90 1
   1 1.25  105 1
   1 1.25  120 1
1.25 1.25   60 1
1.25 1.25   75 1
1.25 1.25   90 1
1.25 1.25  105 1
1.25 1.25  120 1
 1.5 1.25   60 0
 1.5 1.25   75 0
 1.5 1.25   90 0
 1.5 1.25  105 0
 1.5 1.25  120 0
1.75 1.25   60 0
1.75 1.25   75 0
1.75 1.25   90 0
1.75 1.25  105 0
1.75 1.25  120 0
   2 1.25   60 0
   2 1.25   75 0
   2 1.25   90 0
   2 1.25  105 0
   2 1.25  120 0
 -2 1.5  60 0
 -2 1.5  75 0
 -2 1.5  90 0
 -2 1.5 105 0
 -2 1.5 120 0
-1.75 1.5  60 0
-1.75 1.5  75 0
-1.75 1.5  90 0
-1.75 1.5 105 0
-1.75 1.5 120 0
-1.5 1.5  60 0
-1.5 1.5  75 0
-1.5 1.5  90 0
-1.5 1.5 105 0
-1.5 1.5 120 0
-1.25 1.5  60 1
-1.25 1.5  75 1
-1.25 1.5  90 1
-1.25 1.5 105 1
-1.25 1.5 120 1
 -1 1.5  60 1
 -1 1.5  75 1
 -1 1.5  90 1
 -1 1.5 105 1
 -1 1.5 120 1
-0.75 1.5  60 1
-0.75 1.5  75 1
-0.75 1.5  90 1
-0.75 1.5 105 1
-0.75 1.5 120 1
-0.5 1.5  60 1
-0.5 1.5  75 1
-0.5 1.5  90 1
-0.5 1.5 105 1
-0.5 1.5 120 1
-0.25 1.5  60 1
-0.25 1.5  75 1
-0.25 1.5  90 1
-0.25 1.5 105 1
-0.25 1.5 120 1
  0 1.5  60 1
  0 1.5  75 1
  0 1.5  90 1
  0 1.5 105 1
  0 1.5 120 1
0.25 1.5  60 1
0.25 1.5  75 1
0.25 1.5  90 1
0.25 1.5 105 1
0.25 1.5 120 1
0.5 1.5  60 1
0.5 1.5  75 1
0.5 1.5  90 1
0.5 1.5 105 1
0.5 1.5 120 1
0.75 1.5  60 1
0.75 1.5  75 1
0.75 1.5  90 1
0.75 1.5 105 1
0.75 1.5 120 1
  1 1.5  60 1
  1 1.5  75 1
  1 1.5  90 1
  1 1.5 105 1
  1 1.5 120 1
1.25 1.5  60 1
1.25 1.5  75 1
1.25 1.5  90 1
1.25 1.5 105 1
1.25 1.5 120 1
1.5 1.5  60 0
1.5 1.5  75 0
1.5 1.5  90 0
1.5 1.5 105 0
1.5 1.5 120 0
1.75 1.5  60 0
1.75 1.5  75 0
1.75 1.5  90 0
1.75 1.5 105 0
1.75 1.5 120 0
  2 1.5  60 0
  2 1.5  75 0
  2 1.5  90 0
  2 1.5 105 0
  2 1.5 120 0
  -2 1.75   60 0
  -2 1.75   75 0
  -2 1.75   90 0
  -2 1.75  105 0
  -2 1.75  120 0
-1.75 1.75   60 0
-1.75 1.75   75 0
-1.75 1.75   90 0
-1.75 1.75  105 0
-1.75 1.75  120 0
-1.5 1.75   60 0
-1.5 1.75   75 0
-1.5 1.75   90 0
-1.5 1.75  105 0
-1.5 1.75  120 0
-1.25 1.75   60 1
-1.25 1.75   75 1
-1.25 1.75   90 1
-1.25 1.75  105 1
-1.25 1.75  120 1
  -1 1.75   60 1
  -1 1.75   75 1
  -1 1.75   90 1
  -1 1.75  105 1
  -1 1.75  120 1
-0.75 1.75   60 1
-0.75 1.75   75 1
-0.75 1.75   90 1
-0.75 1.75  105 1
-0.75 1.75  120 1
-0.5 1.75   60 1
-0.5 1.75   75 1
-0.5 1.75   90 1
-0.5 1.75  105 1
-0.5 1.75  120 1
-0.25 1.75   60 1
-0.25 1.75   75 1
-0.25 1.75   90 1
-0.25 1.75  105 1
-0.25 1.75  120 1
   0 1.75   60 1
   0 1.75   75 1
   0 1.75   90 1
   0 1.75  105 1
   0 1.75  120 1
0.25 1.75   60 1
0.25 1.75   75 1
0.25 1.75   90 1
0.25 1.75  105 1
0.25 1.75  120 1
 0.5 1.75   60 1
 0.5 1.75   75 1
 0.5 1.75   90 1
 0.5 1.75  105 1
 0.5 1.75  120 1
0.75 1.75   60 1
0.75 1.75   75 1
0.75 1.75   90 1
0.75 1.75  105 1
0.75 1.75  120 1
   1 1.75   60 1
   1 1.75   75 1
   1 1.75   90 1
   1 1.75  105 1
   1 1.75  120 1
1.25 1.75   60 1
1.25 1.75   75 1
1.25 1.75   90 1
1.25 1.75  105 1
1.25 1.75  120 1
 1.5 1.75   60 0
 1.5 1.75   75 0
 1.5 1.75   90 0
 1.5 1.75  105 0
 1.5 1.75  120 0
1.75 1.75   60 0
1.75 1.75   75 0
1.75 1.75   90 0
1.75 1.75  105 0
1.75 1.75  120 0
   2 1.75   60 0
   2 1.75   75 0
   2 1.75   90 0
   2 1.75  105 0
   2 1.75  120 0
-2  2 60 0
-2  2 75 0
-2  2 90 0
 -2   2 105 0
 -2   2 120 0
-1.75  2 60 0
-1.75  2 75 0
-1.75  2 90 0
-1.75   2 105 0
-1.75   2 120 0
-1.5  2 60 0
-1.5  2 75 0
-1.5  2 90 0
-1.5   2 105 0
-1.5   2 120 0
-1.25  2 60 1
-1.25  2 75 1
-1.25  2 90 1
-1.25   2 105 1
-1.25   2 120 1
-1  2 60 1
-1  2 75 1
-1  2 90 1
 -1   2 105 1
 -1   2 120 1
-0.75  2 60 1
-0.75  2 75 1
-0.75  2 90 1
-0.75   2 105 1
-0.75   2 120 1
-0.5  2 60 1
-0.5  2 75 1
-0.5  2 90 1
-0.5   2 105 1
-0.5   2 120 1
-0.25  2 60 1
-0.25  2 75 1
-0.25  2 90 1
-0.25   2 105 1
-0.25   2 120 1
 0  2 60 1
 0  2 75 1
 0  2 90 1
  0   2 105 1
  0   2 120 1
0.25  2 60 1
0.25  2 75 1
0.25  2 90 1
0.25   2 105 1
0.25   2 120 1
0.5  2 60 1
0.5  2 75 1
0.5  2 90 1
0.5   2 105 1
0.5   2 120 1
0.75  2 60 1
0.75  2 75 1
0.75  2 90 1
0.75   2 105 1
0.75   2 120 1
 1  2 60 1
 1  2 75 1
 1  2 90 1
  1   2 105 1
  1   2 120 1
1.25  2 60 1
1.25  2 75 1
1.25  2 90 1
1.25   2 105 1
1.25   2 120 1
1.5  2 60 0
1.5  2 75 0
1.5  2 90 0
1.5   2 105 0
1.5   2 120 0
1.75  2 60 0
1.75  2 75 0
1.75  2 90 0
1.75   2 105 0
1.75   2 120 0
 2  2 60 0
 2  2 75 0
 2  2 90 0
  2   2 105 0
  2   2 120 0
  -2 2.25   60 0
  -2 2.25   75 0
  -2 2.25   90 0
  -2 2.25  105 0
  -2 2.25  120 0
-1.75 2.25   60 0
-1.75 2.25   75 0
-1.75 2.25   90 0
-1.75 2.25  105 0
-1.75 2.25  120 0
-1.5 2.25   60 0
-1.5 2.25   75 0
-1.5 2.25   90 0
-1.5 2.25  105 0
-1.5 2.25  120 0
-1.25 2.25   60 1
-1.25 2.25   75 1
-1.25 2.25   90 1
-1.25 2.25  105 1
-1.25 2.25  120 1
  -1 2.25   60 1
  -1 2.25   75 1
  -1 2.25   90 1
  -1 2.25  105 1
  -1 2.25  120 1
-0.75 2.25   60 1
-0.75 2.25   75 1
-0.75 2.25   90 1
-0.75 2.25  105 1
-0.75 2.25  120 1
-0.5 2.25   60 1
-0.5 2.25   75 1
-0.5 2.25   90 1
-0.5 2.25  105 1
-0.5 2.25  120 1
-0.25 2.25   60 1
-0.25 2.25   75 1
-0.25 2.25   90 1
-0.25 2.25  105 1
-0.25 2.25  120 1
   0 2.25   60 1
   0 2.25   75 1
   0 2.25   90 1
   0 2.25  105 1
   0 2.25  120 1
0.25 2.25   60 1
0.25 2.25   75 1
0.25 2.25   90 1
0.25 2.25  105 1
0.25 2.25  120 1
 0.5 2.25   60 1
 0.5 2.25   75 1
 0.5 2.25   90 1
 0.5 2.25  105 1
 0.5 2.25  120 1
0.75 2.25   60 1
0.75 2.25   75 1
0.75 2.25   90 1
0.75 2.25  105 1
0.75 2.25  120 1
   1 2.25   60 1
   1 2.25   75 1
   1 2.25   90 1
   1 2.25  105 1
   1 2.25  120 1
1.25 2.25   60 1
1.25 2.25   75 1
1.25 2.25   90 1
1.25 2.25  105 1
1.25 2.25  120 1
 1.5 2.25   60 0
 1.5 2.25   75 0
 1.5 2.25   90 0
 1.5 2.25  105 0
 1.5 2.25  120 0
1.75 2.25   60 0
1.75 2.25   75 0
1.75 2.25   90 0
1.75 2.25  105 0
1.75 2.25  120 0
   2 2.25   60 0
   2 2.25   75 0
   2 2.25   90 0
   2 2.25  105 0
   2 2.25  120 0
 -2 2.5  60 0
 -2 2.5  75 0
 -2 2.5  90 0
 -2 2.5 105 0
 -2 2.5 120 0
-1.75 2.5  60 0
-1.75 2.5  75 0
-1.75 2.5  90 0
-1.75 2.5 105 0
-1.75 2.5 120 0
-1.5 2.5  60 0
-1.5 2.5  75 0
-1.5 2.5  90 0
-1.5 2.5 105 0
-1.5 2.5 120 0
-1.25 2.5  60 1
-1.25 2.5  75 1
-1.25 2.5  90 1
-1.25 2.5 105 1
-1.25 2.5 120 1
 -1 2.5  60 1
 -1 2.5  75 1
 -1 2.5  90 1
 -1 2.5 105 1
 -1 2.5 120 1
-0.75 2.5  60 1
-0.75 2.5  75 1
-0.75 2.5  90 1
-0.75 2.5 105 1
-0.75 2.5 120 1
-0.5 2.5  60 1
-0.5 2.5  75 1
-0.5 2.5  90 1
-0.5 2.5 105 1
-0.5 2.5 120 1
-0.25 2.5  60 1
-0.25 2.5  75 1
-0.25 2.5  90 1
-0.25 2.5 105 1
-0.25 2.5 120 1
  0 2.5  60 1
  0 2.5  75 1
  0 2.5  90 1
  0 2.5 105 1
  0 2.5 120 1
0.25 2.5  60 1
0.25 2.5  75 1
0.25 2.5  90 1
0.25 2.5 105 1
0.25 2.5 120 1
0.5 2.5  60 1
0.5 2.5  75 1
0.5 2.5  90 1
0.5 2.5 105 1
0.5 2.5 120 1
0.75 2.5  60 1
0.75 2.5  75 1
0.75 2.5  90 1
0.75 2.5 105 1
0.75 2.5 120 1
  1 2.5  60 1
  1 2.5  75 1
  1 2.5  90 1
  1 2.5 105 1
  1 2.5 120 1
1.25 2.5  60 1
1.25 2.5  75 1
1.25 2.5  90 1
1.25 2.5 105 1
1.25 2.5 120 1
1.5 2.5  60 0
1.5 2.5  75 0
1.5 2.5  90 0
1.5 2.5 105 0
1.5 2.5 120 0
1.75 2.5  60 0
1.75 2.5  75 0
1.75 2.5  90 0
1.75 2.5 105 0
1.75 2.5 120 0
  2 2.5  60 0
  2 2.5  75 0
  2 2.5  90 0
  2 2.5 105 0
  2 2.5 120 0
  -2 2.75   60 0
  -2 2.75   75 0
  -2 2.75   90 0
  -2 2.75  105 0
  -2 2.75  120 0
-1.75 2.75   60 0
-1.75 2.75   75 0
-1.75 2.75   90 0
-1.75 2.75  105 0
-1.75 2.75  120 0
-1.5 2.75   60 0
-1.5 2.75   75 0
-1.5 2.75   90 0
-1.5 2.75  105 0
-1.5 2.75  120 0
-1.25 2.75   60 1
-1.25 2.75   75 1
-1.25 2.75   90 1
-1.25 2.75  105 1
-1.25 2.75  120 1
  -1 2.75   60 1
  -1 2.75   75 1
  -1 2.75   90 1
  -1 2.75  105 1
  -1 2.75  120 1
-0.75 2.75   60 1
-0.75 2.75   75 1
-0.75 2.75   90 1
-0.75 2.75  105 1
-0.75 2.75  120 1
-0.5 2.75   60 1
-0.5 2.75   75 1
-0.5 2.75   90 1
-0.5 2.75  105 1
-0.5 2.75  120 1
-0.25 2.75   60 1
-0.25 2.75   75 1
-0.25 2.75   90 1
-0.25 2.75  105 1
-0.25 2.75  120 1
   0 2.75   60 1
   0 2.75   75 1
   0 2.75   90 1
   0 2.75  105 1
   0 2.75  120 1
0.25 2.75   60 1
0.25 2.75   75 1
0.25 2.75   90 1
0.25 2.75  105 1
0.25 2.75  120 1
 0.5 2.75   60 1
 0.5 2.75   75 1
 0.5 2.75   90 1
 0.5 2.75  105 1
 0.5 2.75  120 1
0.75 2.75   60 1
0.75 2.75   75 1
0.75 2.75   90 1
0.75 2.75  105 1
0.75 2.75  120 1
   1 2.75   60 1
   1 2.75   75 1
   1 2.75   90 1
   1 2.75  105 1
   1 2.75  120 1
1.25 2.75   60 1
1.25 2.75   75 1
1.25 2.75   90 1
1.25 2.75  105 1
1.25 2.75  120 1
 1.5 2.75   60 0
 1.5 2.75   75 0
 1.5 2.75   90 0
 1.5 2.75  105 0
 1.5 2.75  120 0
1.75 2.75   60 0
1.75 2.75   75 0
1.75 2.75   90 0
1.75 2.75  105 0
1.75 2.75  120 0
   2 2.75   60 0
   2 2.75   75 0
   2 2.75   90 0
   2 2.75  105 0
   2 2.75  120 0
-2  3 60 0
-2  3 75 0
-2  3 90 0
 -2   3 105 0
 -2   3 120 0
-1.75  3 60 0
-1.75  3 75 0
-1.75  3 90 0
-1.75   3 105 0
-1.75   3 120 0
-1.5  3 60 0
-1.5  3 75 0
-1.5  3 90 0
-1.5   3 105 0
-1.5   3 120 0
-1.25  3 60 1
-1.25  3 75 1
-1.25  3 90 1
-1.25   3 105 1
-1.25   3 120 1
-1  3 60 1
-1  3 75 1
-1  3 90 1
 -1   3 105 1
 -1   3 120 1
-0.75  3 60 1
-0.75  3 75 1
-0.75  3 90 1
-0.75   3 105 1
-0.75   3 120 1
-0.5  3 60 1
-0.5  3 75 1
-0.5  3 90 1
-0.5   3 105 1
-0.5   3 120 1
-0.25  3 60 1
-0.25  3 75 1
-0.25  3 90 1
-0.25   3 105 1
-0.25   3 120 1
 0  3 60 1
 0  3 75 1
 0  3 90 1
  0   3 105 1
  0   3 120 1
0.25  3 60 1
0.25  3 75 1
0.25  3 90 1
0.25   3 105 1
0.25   3 120 1
0.5  3 60 1
0.5  3 75 1
0.5  3 90 1
0.5   3 105 1
0.5   3 120 1
0.75  3 60 1
0.75  3 75 1
0.75  3 90 1
0.75   3 105 1
0.75   3 120 1
 1  3 60 1
 1  3 75 1
 1  3 90 1
  1   3 105 1
  1   3 120 1
1.25  3 60 1
1.25  3 75 1
1.25  3 90 1
1.25   3 105 1
1.25   3 120 1
1.5  3 60 0
1.5  3 75 0
1.5  3 90 0
1.5   3 105 0
1.5   3 120 0
1.75  3 60 0
1.75  3 75 0
1.75  3 90 0
1.75   3 105 0
1.75   3 120 0
 2  3 60 0
 2  3 75 0
 2  3 90 0
  2   3 105 0
  2   3 120 0
